# AMS-02 B/C
#
# Taken from
# https://doi.org/10.1103/PhysRevLett.117.231102
#
# Column 1: Rigidity [GV] from
# Column 2: Rigidity [GV] to
# Column 3: Flux [m-2 · sr-1 · s-1 · GV-1]
# Column 4: sigma stat
# Column 5: sigma back
# Column 6: sigma acc
# Column 7: sigma unf
# Column 8: sigma scale
# Column 9: sigma syst
#
#
# R1     R2       B/C        stat       back       acc        unf        scale      syst  #
###########################################################################################
1.92     2.15     0.2994     0.0018     0.0012     0.0128     0.0014     0.0002     0.0129
2.15     2.4      0.3098     0.0017     0.0012     0.0123     0.0013     0.0001     0.0124
2.4      2.67     0.3143     0.0015     0.0011     0.0119     0.0012     0.0001     0.012
2.67     2.97     0.3173     0.0014     0.0011     0.0115     0.0012     0.0001     0.0116
2.97     3.29     0.3212     0.0013     0.0011     0.0111     0.0012     0.0001     0.0112
3.29     3.64     0.3230     0.0013     0.0011     0.0107     0.0011     0.0000     0.0108
3.64     4.02     0.3251     0.0013     0.0011     0.0103     0.0010     0.0000     0.0104
4.02     4.43     0.3243     0.0012     0.0011     0.0098     0.0010     0.0000     0.0099
4.43     4.88     0.3213     0.0011     0.0011     0.0092     0.0009     0.0001     0.0093
4.88     5.37     0.3214     0.0011     0.0011     0.0087     0.0009     0.0001     0.0089
5.37     5.9      0.3165     0.0011     0.0011     0.0081     0.0008     0.0001     0.0083
5.9      6.47     0.3113     0.0011     0.0011     0.0076     0.0007     0.0001     0.0077
6.47     7.09     0.3059     0.0010     0.0011     0.0070     0.0008     0.0001     0.0071
7.09     7.76     0.2994     0.0010     0.0011     0.0064     0.0008     0.0001     0.0065
7.76     8.48     0.2968     0.0010     0.0011     0.0059     0.0008     0.0001     0.006
8.48     9.26     0.2911     0.0010     0.0011     0.0054     0.0008     0.0001     0.0055
9.26     10.1     0.2880     0.0011     0.0011     0.0049     0.0007     0.0001     0.0051
10.1     11       0.2844     0.0011     0.0011     0.0046     0.0007     0.0001     0.0047
11       12       0.2775     0.0011     0.0011     0.0042     0.0008     0.0001     0.0044
12       13       0.2726     0.0012     0.0011     0.0039     0.0008     0.0002     0.0041
13       14.1     0.2671     0.0012     0.0011     0.0036     0.0008     0.0002     0.0039
14.1     15.3     0.2628     0.0013     0.0011     0.0035     0.0007     0.0002     0.0037
15.3     16.6     0.2546     0.0013     0.0011     0.0033     0.0007     0.0002     0.0035
16.6     18       0.2523     0.0013     0.0010     0.0032     0.0007     0.0002     0.0034
18       19.5     0.2451     0.0013     0.0010     0.0030     0.0007     0.0002     0.0033
19.5     21.1     0.2372     0.0013     0.0010     0.0029     0.0007     0.0002     0.0031
21.1     22.8     0.2359     0.0014     0.0010     0.0029     0.0008     0.0002     0.0031
22.8     24.7     0.2280     0.0014     0.0010     0.0028     0.0008     0.0002     0.003
24.7     26.7     0.2246     0.0014     0.0009     0.0027     0.0007     0.0002     0.003
26.7     28.8     0.2182     0.0015     0.0009     0.0027     0.0007     0.0002     0.0029
28.8     31.1     0.2112     0.0015     0.0009     0.0026     0.0007     0.0002     0.0028
31.1     33.5     0.2058     0.0016     0.0009     0.0025     0.0007     0.0002     0.0028
33.5     36.1     0.2020     0.0016     0.0009     0.0025     0.0008     0.0002     0.0028
36.1     38.9     0.1942     0.0017     0.0009     0.0024     0.0009     0.0002     0.0027
38.9     41.9     0.1899     0.0018     0.0009     0.0023     0.0009     0.0002     0.0027
41.9     45.1     0.1889     0.0019     0.0009     0.0023     0.0009     0.0002     0.0027
45.1     48.5     0.1837     0.0020     0.0009     0.0023     0.0009     0.0002     0.0026
48.5     52.2     0.1745     0.0021     0.0009     0.0022     0.0008     0.0002     0.0025
52.2     56.1     0.1710     0.0022     0.0009     0.0021     0.0008     0.0002     0.0025
56.1     60.3     0.1637     0.0023     0.0008     0.0021     0.0008     0.0002     0.0024
60.3     64.8     0.1613     0.0024     0.0008     0.0020     0.0008     0.0003     0.0024
64.8     69.7     0.1552     0.0025     0.0008     0.0020     0.0009     0.0002     0.0024
69.7     74.9     0.1517     0.0026     0.0008     0.0020     0.0010     0.0002     0.0024
74.9     80.5     0.1513     0.0028     0.0009     0.0020     0.0011     0.0003     0.0024
80.5     86.5     0.1425     0.0028     0.0008     0.0019     0.0011     0.0002     0.0024
86.5     93       0.1399     0.0030     0.0008     0.0019     0.0011     0.0002     0.0024
93       100      0.1329     0.0031     0.0008     0.0018     0.0011     0.0002     0.0023
100      108      0.1299     0.0031     0.0008     0.0018     0.0011     0.0002     0.0023
108      116      0.1337     0.0035     0.0008     0.0019     0.0012     0.0003     0.0024
116      125      0.1224     0.0035     0.0008     0.0017     0.0011     0.0003     0.0022
125      135      0.1195     0.0036     0.0008     0.0016     0.0011     0.0003     0.0021
135      147      0.1230     0.0037     0.0008     0.0016     0.0012     0.0003     0.0022
147      160      0.1140     0.0039     0.0008     0.0015     0.0012     0.0003     0.0021
160      175      0.1153     0.0040     0.0008     0.0015     0.0014     0.0003     0.0022
175      192      0.1103     0.0041     0.0008     0.0014     0.0014     0.0003     0.0022
192      211      0.1145     0.0046     0.0008     0.0015     0.0016     0.0004     0.0024
211      233      0.1082     0.0047     0.0008     0.0014     0.0017     0.0004     0.0024
233      259      0.0955     0.0046     0.0007     0.0013     0.0016     0.0004     0.0022
259      291      0.0870     0.0045     0.0007     0.0012     0.0016     0.0004     0.0022
291      330      0.0966     0.0052     0.0008     0.0013     0.0020     0.0005     0.0026
330      379      0.0925     0.0053     0.0008     0.0012     0.0022     0.0005     0.0026
379      441      0.0882     0.0057     0.0007     0.0011     0.0023     0.0006     0.0027
441      525      0.0936     0.0064     0.0008     0.0012     0.0027     0.0007     0.0032
525      660      0.0787     0.0058     0.0007     0.0010     0.0026     0.0007     0.003
660      880      0.0661     0.0058     0.0006     0.0009     0.0025     0.0008     0.0028
880      1300     0.0495     0.0124     0.0005     0.0007     0.0021     0.0007     0.0023
1300     2600     0.0450     0.0138     0.0005     0.0006     0.0023     0.0011     0.0027
#
#
# end
