# guettler et al, DOI:10.1016/0550-3213(76)90313-8
# p + p -> pbar + X 

#
#
# Tab 1
#*  sqrt(s)              pT                   xR                   y                    pT                   inv CS               CS_stat              CS_sys               err_scale           
   23.0                 0.123                0.08339725622719857  0                    0.123                0.93                 0.12                 0                    0.04                
   23.0                 0.161                0.08389828596755824  0                    0.161                0.87                 0.09                 0                    0.04                
   23.0                 0.2                  0.08454745487757313  0                    0.2                  0.88                 0.08                 0                    0.04                
   23.0                 0.24                 0.08535202989581983  0                    0.24                 0.8                  0.07                 0                    0.04                
   23.0                 0.28                 0.08629322028278598  0                    0.28                 0.69                 0.06                 0                    0.04                
   23.0                 0.325                0.08750984433002766  0                    0.325                0.63                 0.06                 0                    0.04                
   23.0                 0.375                0.0890494988371106   0                    0.375                0.55                 0.06                 0                    0.04                
   23.0                 0.424                0.09074080615516135  0                    0.424                0.46                 0.05                 0                    0.04                
   23.0                 0.474                0.09264246480831904  0                    0.474                0.4                  0.04                 0                    0.04                
#
#End Tab 1
#
#
#
# Tab 1
#*  sqrt(s)              pT                   xR                   y                    pT                   inv CS               CS_stat              CS_sys               err_scale           
   31.0                 0.123                0.06150233568291021  0                    0.123                1.34                 0.12                 0                    0.04                
   31.0                 0.161                0.06187182624738124  0                    0.161                1.14                 0.07                 0                    0.04                
   31.0                 0.2                  0.062350563870473726 0                    0.2                  1.06                 0.06                 0                    0.04                
   31.0                 0.24                 0.06294390764571119  0                    0.24                 0.91                 0.05                 0                    0.04                
   31.0                 0.28                 0.06363800011037242  0                    0.28                 0.78                 0.04                 0                    0.04                
   31.0                 0.325                0.06453521452650997  0                    0.325                0.78                 0.05                 0                    0.04                
   31.0                 0.375                0.06567065174128295  0                    0.375                0.68                 0.04                 0                    0.04                
   31.0                 0.424                0.06691792719281989  0                    0.424                0.56                 0.04                 0                    0.04                
   31.0                 0.474                0.06832032883205598  0                    0.474                0.44                 0.03                 0                    0.04                
#
#End Tab 1
#
#
#
# Tab 1
#*  sqrt(s)              pT                   xR                   y                    pT                   inv CS               CS_stat              CS_sys               err_scale           
   45.0                 0.123                0.0422045583596072   0                    0.123                1.45                 0.15                 0                    0.04                
   45.0                 0.161                0.0424581127314597   0                    0.161                1.35                 0.1                  0                    0.04                
   45.0                 0.2                  0.04278663537581775  0                    0.2                  1.27                 0.09                 0                    0.04                
   45.0                 0.24                 0.04319380384692149  0                    0.24                 1.14                 0.07                 0                    0.04                
   45.0                 0.28                 0.04367010878081521  0                    0.28                 1.0                  0.06                 0                    0.04                
   45.0                 0.325                0.044285801465759535 0                    0.325                0.94                 0.07                 0                    0.04                
   45.0                 0.375                0.045064969047973365 0                    0.375                0.82                 0.06                 0                    0.04                
   45.0                 0.424                0.045920883038887424 0                    0.424                0.7                  0.06                 0                    0.04                
   45.0                 0.474                0.04688324879572477  0                    0.474                0.65                 0.06                 0                    0.04                
#
#End Tab 1
#
#
#
# Tab 1
#*  sqrt(s)              pT                   xR                   y                    pT                   inv CS               CS_stat              CS_sys               err_scale           
   53.0                 0.123                0.0357991872843494   0                    0.123                1.81                 0.13                 0                    0.04                
   53.0                 0.161                0.03601425979778199  0                    0.161                1.59                 0.08                 0                    0.04                
   53.0                 0.2                  0.03629292267519714  0                    0.2                  1.52                 0.08                 0                    0.04                
   53.0                 0.24                 0.036638295329712946 0                    0.24                 1.34                 0.07                 0                    0.04                
   53.0                 0.28                 0.037042311630218545 0                    0.28                 1.2                  0.06                 0                    0.04                
   53.0                 0.325                0.03756456085150221  0                    0.325                1.09                 0.06                 0                    0.04                
   53.0                 0.375                0.038225474442017654 0                    0.375                0.98                 0.05                 0                    0.04                
   53.0                 0.424                0.03895148666560137  0                    0.424                0.84                 0.05                 0                    0.04                
   53.0                 0.474                0.039767794507790236 0                    0.474                0.72                 0.05                 0                    0.04                
#
#End Tab 1
#
#
#
# Tab 1
#*  sqrt(s)              pT                   xR                   y                    pT                   inv CS               CS_stat              CS_sys               err_scale           
   63.0                 0.123                0.030094668447468505 0                    0.123                1.72                 0.18                 0                    0.04                
   63.0                 0.161                0.030275469646459607 0                    0.161                1.43                 0.1                  0                    0.04                
   63.0                 0.2                  0.03050972822998038  0                    0.2                  1.48                 0.09                 0                    0.04                
   63.0                 0.24                 0.03080006653978383  0                    0.24                 1.4                  0.08                 0                    0.04                
   63.0                 0.28                 0.031139703764353013 0                    0.28                 1.18                 0.06                 0                    0.04                
   63.0                 0.325                0.03157873376346005  0                    0.325                1.01                 0.07                 0                    0.04                
   63.0                 0.375                0.03213433228085107  0                    0.375                1.06                 0.07                 0                    0.04                
   63.0                 0.424                0.032744656112618994 0                    0.424                1.09                 0.08                 0                    0.04                
   63.0                 0.474                0.03343088716212894  0                    0.474                0.92                 0.07                 0                    0.04                
#
#End Tab 1
#