# Phenix collaboration, doi: 10.1103/PhysRevC.83.064903, Tab 14
# p + p -> pbar + X, Feed-down weak decay corrections are applied
# Additional scale uncertainty: 9.7% 
#*  sqrt(s)              pT                   xR                   y                    pT                   inv CS               CS_stat              CS_sys               err_scale           
   200.0                0.65                 0.011416275265042502 0                    0.65                 0.118                0.002                0.065                0.097               
   200.0                0.75                 0.012014003171913982 0                    0.75                 0.12                 0.002                0.034                0.097               
   200.0                0.85                 0.012662618527458903 0                    0.85                 0.105                0.002                0.019                0.097               
   200.0                0.95                 0.013354708839910365 0                    0.95                 0.0812               0.0017               0.011                0.097               
   200.0                1.05                 0.014083866404338794 0                    1.05                 0.0591               0.0014               0.0066               0.097               
   200.0                1.15                 0.014844630074925882 0                    1.15                 0.0407               0.0011               0.004                0.097               
   200.0                1.25                 0.015632386116558577 0                    1.25                 0.0281               0.0009               0.0026               0.097               
   200.0                1.35                 0.016443255571893335 0                    1.35                 0.0204               0.0008               0.0018               0.097               
   200.0                1.45                 0.017273983801592414 0                    1.45                 0.0133               0.0006               0.0011               0.097               
   200.0                1.55                 0.01812183995686976  0                    1.55                 0.00942              0.00052              0.00078              0.097               
   200.0                1.65                 0.018984529357789565 0                    1.65                 0.00619              0.00041              0.00051              0.097               
   200.0                1.75                 0.01986011910641008  0                    1.75                 0.00397              0.00033              0.00032              0.097               
   200.0                1.85                 0.020746975957340482 0                    1.85                 0.003                0.0003               0.00024              0.097               
   200.0                1.95                 0.021643714937546677 0                    1.95                 0.00188              0.00022              0.00015              0.097               
   200.0                2.05                 0.02254915709490594  0                    2.05                 0.00141              0.0002               0.00011              0.097               
   200.0                2.15                 0.02346229484840221  0                    2.15                 0.000924             0.00015              7.4e-05              0.097               
   200.0                2.25                 0.02438226359232512  0                    2.25                 0.000621             0.00013              5e-05                0.097               
   200.0                2.35                 0.025308318408925036 0                    2.35                 0.000525             0.00012              4.2e-05              0.097               
   200.0                2.45                 0.02623981493759231  0                    2.45                 0.000278             9.4e-05              2.2e-05              0.097               
   200.0                2.55                 0.027176193620525663 0                    2.55                 0.000216             7.4e-05              1.7e-05              0.097               
   200.0                2.65                 0.028116966691148514 0                    2.65                 0.00016              7e-05                1.3e-05              0.097               
   200.0                2.75                 0.029061707392919276 0                    2.75                 0.000155             6.6e-05              1.2e-05              0.097               
   200.0                2.85                 0.030010041015330363 0                    2.85                 0.000213             8.1e-05              1.7e-05              0.097               
   200.0                2.95                 0.03096163741409054  0                    2.95                 5.85e-05             4.4e-05              4.7e-06              0.097               
   200.0                3.1                  0.032394520472942674 0                    3.1                  6.3e-05              2.5e-05              5.2e-06              0.097               
   200.0                3.3                  0.0343139919381204   0                    3.3                  3.69e-05             2.8e-05              3.1e-06              0.097               
   200.0                3.5                  0.03624221222090996  0                    3.5                  4.64e-05             2.8e-05              4e-06                0.097               
#
#End Tab 14
#
#
#
#
#
# Tab 18
# p + p -> pbar + X, Feed-down weak decay corrections are applied
# Additional scale uncertainty: 11% 
#*  sqrt(s)              pT                   xR                   y                    pT                   inv CS               CS_stat              CS_sys               err_scale           
   62.4                 0.65                 0.036650474828727714 0                    0.65                 0.309                0.005                0.022                0.11                
   62.4                 0.75                 0.03856940294640391  0                    0.75                 0.219                0.004                0.015                0.11                
   62.4                 0.85                 0.040651698634798644 0                    0.85                 0.159                0.003                0.011                0.11                
   62.4                 0.95                 0.04287356504803935  0                    0.95                 0.11                 0.002                0.008                0.11                
   62.4                 1.05                 0.045214431078406656 0                    1.05                 0.075                0.0018               0.0053               0.11                
   62.4                 1.15                 0.04765676442375271  0                    1.15                 0.0495               0.0014               0.0035               0.11                
   62.4                 1.25                 0.05018575328437036  0                    1.25                 0.0332               0.0011               0.0023               0.11                
   62.4                 1.35                 0.052788944769524164 0                    1.35                 0.0237               0.0009               0.0017               0.11                
   62.4                 1.45                 0.055455890280669065 0                    1.45                 0.0153               0.0007               0.0011               0.11                
   62.4                 1.55                 0.05817782278106402  0                    1.55                 0.0107               0.0006               0.0008               0.11                
   62.4                 1.65                 0.06094737549763509  0                    1.65                 0.00703              0.00047              0.00049              0.11                
   62.4                 1.75                 0.06375834311159694  0                    1.75                 0.00449              0.00037              0.00031              0.11                
   62.4                 1.85                 0.06660548229991331  0                    1.85                 0.00339              0.00034              0.00024              0.11                
   62.4                 1.95                 0.06948434678583054  0                    1.95                 0.00212              0.00024              0.00015              0.11                
   62.4                 2.05                 0.07239115169607821  0                    2.05                 0.00158              0.00022              0.00011              0.11                
   62.4                 2.15                 0.0753226623221538   0                    2.15                 0.00104              0.00017              7e-05                0.11                
   62.4                 2.25                 0.07827610295927717  0                    2.25                 0.000699             0.00015              4.9e-05              0.11                
   62.4                 2.35                 0.08124908214538222  0                    2.35                 0.00059              0.00013              4.1e-05              0.11                
   62.4                 2.45                 0.08423953124409184  0                    2.45                 0.000313             0.00011              2.2e-05              0.11                
   62.4                 2.55                 0.08724565386747431  0                    2.55                 0.000243             8.3e-05              1.7e-05              0.11                
   62.4                 2.65                 0.09026588410403731  0                    2.65                 0.00018              7.9e-05              1.3e-05              0.11                
   62.4                 2.75                 0.09329885190711305  0                    2.75                 0.000174             7.5e-05              1.2e-05              0.11                
   62.4                 2.85                 0.09634335431709276  0                    2.85                 0.000239             9.1e-05              1.7e-05              0.11                
   62.4                 2.95                 0.0993983314484398   0                    2.95                 6.57e-05             5e-05                4.7e-06              0.11                
   62.4                 3.1                  0.10399841713854033  0                    3.1                  7.07e-05             2.8e-05              5.1e-06              0.11                
   62.4                 3.3                  0.11016063195779693  0                    3.3                  4.14e-05             3.2e-05              3.1e-06              0.11                
   62.4                 3.5                  0.11635093372417238  0                    3.5                  5.21e-05             3.2e-05              4e-06                0.11                
#
#End Tab 18
#