# Antreasyan et al, DOI:10.1103/PhysRevD.19.764
# p + p -> pbar + X 
#
#
#
# Tab 8
#*  sqrt(s)              pT                   xR                   theta_LAB            pT                   inv CS               CS_stat              CS_sys               err_scale           
   19.41838488532473    0.77                 0.1305990677766639   0.077                0.77                 0.062000000000000006 0.007000000000000001 0                    0.2                 
   19.41838488532473    1.54                 0.1897549972124483   0.077                1.54                 0.0013               0.0001               0                    0.2                 
   19.41838488532473    3.08                 0.343715086630392    0.077                3.08                 8.4e-07              5e-08                0                    0.2                 
   19.41838488532473    4.61                 0.5045648161804683   0.077                4.61                 3e-10                1.2e-10              0                    0.2                 
   19.41838488532473    5.38                 0.5863675124340487   0.077                5.38                 4.6e-11              3.3e-11              0                    0.2                 
#
#End Tab 8
#
#
#
# Tab 8
#*  sqrt(s)              pT                   xR                   theta_LAB            pT                   inv CS               CS_stat              CS_sys               err_scale           
   23.76397927839218    0.77                 0.1130003559504009   0.077                0.77                 0.08                 0.008                0                    0.2                 
   23.76397927839218    1.54                 0.15500657672765095  0.077                1.54                 0.0021000000000000003 0.0001               0                    0.2                 
   23.76397927839218    3.08                 0.27444320816050555  0.077                3.08                 2.2e-06              1e-07                0                    0.2                 
   23.76397927839218    4.61                 0.4009440751371947   0.077                4.61                 2.9000000000000003e-09 4e-10                0                    0.2                 
   23.76397927839218    5.38                 0.4654547331779117   0.077                5.38                 1.1000000000000001e-10 6e-11                0                    0.2                 
   23.76397927839218    6.150000000000001    0.5302494071556556   0.077                6.150000000000001    9e-12                7e-12                0                    0.2                 
#
#End Tab 8
#
#
#
# Tab 8
#*  sqrt(s)              pT                   xR                   theta_LAB            pT                   inv CS               CS_stat              CS_sys               err_scale           
   27.42955411712652    0.77                 0.1042730782788614   0.077                0.77                 0.076                0.008                0                    0.2                 
   27.42955411712652    1.16                 0.11734399380710775  0.077                1.16                 0.018                0.002                0                    0.2                 
   27.42955411712652    1.54                 0.13777493463365176  0.077                1.54                 0.0026               0.0001               0                    0.2                 
   27.42955411712652    2.31                 0.18696546962604904  0.077                2.31                 8.8e-05              6e-06                0                    0.2                 
   27.42955411712652    3.08                 0.24009160942449728  0.077                3.08                 3.5e-06              2e-07                0                    0.2                 
   27.42955411712652    3.85                 0.29479332152427945  0.077                3.85                 1.4e-07              1e-08                0                    0.2                 
   27.42955411712652    4.61                 0.34955907226329275  0.077                4.61                 6.7e-09              9.999999999999999e-10 0                    0.2                 
   27.42955411712652    5.38                 0.40549470459077464  0.077                5.38                 5.899999999999999e-10 1.4e-10              0                    0.2                 
   27.42955411712652    6.150000000000001    0.4617134610785598   0.077                6.150000000000001    8.2e-11              3e-11                0                    0.2                 
#
#End Tab 8
#