# NA49 et al, DOI:10.1140/epjc/s10052-009-1172-2
# p + p -> pbar + X 
 #
#
#
# Tab 1
#*  sqrt(s)              pT                   xR                   pT                   xR                   inv CS               CS_stat              CS_sys               err_scale           
   17.27020308410287    0.1                  -0.12307545695986279 0.1                  -0.12307545695986279 0.563                0.0377773            0                    0.065               
   17.27020308410287    0.1                  -0.11480758218155711 0.1                  -0.11480758218155711 0.59                 0.025252             0                    0.065               
   17.27020308410287    0.1                  0.1119159738369534   0.1                  0.1119159738369534   0.581                0.021264599999999998 0                    0.065               
   17.27020308410287    0.1                  0.11480758218155711  0.1                  0.11480758218155711  0.545                0.020001500000000002 0                    0.065               
   17.27020308410287    0.1                  0.12307545695986279  0.1                  0.12307545695986279  0.499                0.0193113            0                    0.065               
   17.27020308410287    0.1                  0.13574073352677074  0.1                  0.13574073352677074  0.489                0.0207336            0                    0.065               
   17.27020308410287    0.1                  0.15170602105353376  0.1                  0.15170602105353376  0.391                0.0176732            0                    0.065               
   17.27020308410287    0.1                  0.17004434234165913  0.1                  0.17004434234165913  0.355                0.017679             0                    0.065               
   17.27020308410287    0.1                  0.1900700695899336   0.1                  0.1900700695899336   0.26                 0.019136000000000004 0                    0.065               
   17.27020308410287    0.1                  0.23341660544177226  0.1                  0.23341660544177226  0.194                0.013754599999999999 0                    0.065               
   17.27020308410287    0.1                  0.2794365005685702   0.1                  0.2794365005685702   0.115                0.013225             0                    0.065               
   17.27020308410287    0.1                  0.32700301193730297  0.1                  0.32700301193730297  0.074                0.013394000000000001 0                    0.065               
   17.27020308410287    0.1                  0.3755288904919808   0.1                  0.3755288904919808   0.0418               0.007900199999999998 0                    0.065               
   17.27020308410287    0.1                  0.4246854026031729   0.1                  0.4246854026031729   0.0173               0.0095323            0                    0.065               
   17.27020308410287    0.2                  -0.12477819224575959 0.2                  -0.12477819224575959 0.508                0.031242000000000002 0                    0.065               
   17.27020308410287    0.2                  -0.11663108539585701 0.2                  -0.11663108539585701 0.505                0.0179275            0                    0.065               
   17.27020308410287    0.2                  0.11378582668379371  0.2                  0.11378582668379371  0.509                0.015168200000000001 0                    0.065               
   17.27020308410287    0.2                  0.11663108539585701  0.2                  0.11663108539585701  0.518                0.0151256            0                    0.065               
   17.27020308410287    0.2                  0.12477819224575959  0.2                  0.12477819224575959  0.473                0.0147576            0                    0.065               
   17.27020308410287    0.2                  0.13728647381525422  0.2                  0.13728647381525422  0.405                0.014944500000000001 0                    0.065               
   17.27020308410287    0.2                  0.15309064627904584  0.2                  0.15309064627904584  0.379                0.015311600000000002 0                    0.065               
   17.27020308410287    0.2                  0.1712807856026124   0.2                  0.1712807856026124   0.3                  0.01347              0                    0.065               
   17.27020308410287    0.2                  0.1911770396992351   0.2                  0.1911770396992351   0.275                0.015317500000000001 0                    0.065               
   17.27020308410287    0.2                  0.23431888709662457  0.2                  0.23431888709662457  0.183                0.0130845            0                    0.065               
   17.27020308410287    0.2                  0.2801906261891166   0.2                  0.2801906261891166   0.09                 0.008667000000000001 0                    0.065               
   17.27020308410287    0.2                  0.3276476750570781   0.2                  0.3276476750570781   0.0613               0.0088272            0                    0.065               
   17.27020308410287    0.3                  -0.12756558777293445 0.3                  -0.12756558777293445 0.391                0.026392500000000003 0                    0.065               
   17.27020308410287    0.3                  -0.11960849469979208 0.3                  -0.11960849469979208 0.45                 0.02484              0                    0.065               
   17.27020308410287    0.3                  0.11683576626123031  0.3                  0.11683576626123031  0.45                 0.01746              0                    0.065               
   17.27020308410287    0.3                  0.11960849469979208  0.3                  0.11960849469979208  0.404                0.012079600000000001 0                    0.065               
   17.27020308410287    0.3                  0.12756558777293445  0.3                  0.12756558777293445  0.401                0.011187900000000002 0                    0.065               
   17.27020308410287    0.3                  0.13982473964345862  0.3                  0.13982473964345862  0.353                0.011013599999999998 0                    0.065               
   17.27020308410287    0.3                  0.15537093647741984  0.3                  0.15537093647741984  0.32                 0.011392             0                    0.065               
   17.27020308410287    0.3                  0.1733219242922908   0.3                  0.1733219242922908   0.255                0.011551500000000001 0                    0.065               
   17.27020308410287    0.3                  0.19300788178698147  0.3                  0.19300788178698147  0.199                0.011621600000000001 0                    0.065               
   17.27020308410287    0.3                  0.23581501812635935  0.3                  0.23581501812635935  0.1654               0.00775726           0                    0.065               
   17.27020308410287    0.3                  0.2814430118656063   0.3                  0.2814430118656063   0.0941               0.00843136           0                    0.065               
   17.27020308410287    0.3                  0.3287193041092098   0.3                  0.3287193041092098   0.0429               0.006306300000000001 0                    0.065               
   17.27020308410287    0.3                  0.37702434758528963  0.3                  0.37702434758528963  0.027                0.0037260000000000006 0                    0.065               
   17.27020308410287    0.3                  0.42600833590693293  0.3                  0.42600833590693293  0.0137               0.0040415            0                    0.065               
   17.27020308410287    0.4                  -0.13136861831153795 0.4                  -0.13136861831153795 0.287                0.021840699999999998 0                    0.065               
   17.27020308410287    0.4                  -0.12365648667812981 0.4                  -0.12365648667812981 0.338                0.021057400000000004 0                    0.065               
   17.27020308410287    0.4                  0.1209765719925852   0.4                  0.1209765719925852   0.324                0.015876             0                    0.065               
   17.27020308410287    0.4                  0.12365648667812981  0.4                  0.12365648667812981  0.311                0.011227099999999999 0                    0.065               
   17.27020308410287    0.4                  0.13136861831153795  0.4                  0.13136861831153795  0.2848               0.00902816           0                    0.065               
   17.27020308410287    0.4                  0.1433028000758858   0.4                  0.1433028000758858   0.2918               0.00986284           0                    0.065               
   17.27020308410287    0.4                  0.1585082414106558   0.4                  0.1585082414106558   0.237                0.0103806            0                    0.065               
   17.27020308410287    0.4                  0.17613978577712328  0.4                  0.17613978577712328  0.203                0.010109400000000003 0                    0.065               
   17.27020308410287    0.4                  0.19554226429374733  0.4                  0.19554226429374733  0.165                0.010131             0                    0.065               
   17.27020308410287    0.4                  0.23789379451167594  0.4                  0.23789379451167594  0.1154               0.008678080000000001 0                    0.065               
   17.27020308410287    0.4                  0.2831870470576154   0.4                  0.2831870470576154   0.0645               0.006772500000000001 0                    0.065               
   17.27020308410287    0.4                  0.33021374227501715  0.4                  0.33021374227501715  0.0425               0.0053125            0                    0.065               
   17.27020308410287    0.5                  -0.13610217242867453 0.5                  -0.13610217242867453 0.222                0.0181152            0                    0.065               
   17.27020308410287    0.5                  -0.12867406172302406 0.5                  -0.12867406172302406 0.26                 0.017602             0                    0.065               
   17.27020308410287    0.5                  0.12610082645962023  0.5                  0.12610082645962023  0.23                 0.012604000000000002 0                    0.065               
   17.27020308410287    0.5                  0.12867406172302406  0.5                  0.12867406172302406  0.262                0.011292199999999999 0                    0.065               
   17.27020308410287    0.5                  0.13610217242867453  0.5                  0.13610217242867453  0.2324               0.00748328           0                    0.065               
   17.27020308410287    0.5                  0.14765425822613923  0.5                  0.14765425822613923  0.2031               0.00714912           0                    0.065               
   17.27020308410287    0.5                  0.16245291643371887  0.5                  0.16245291643371887  0.1761               0.007713180000000001 0                    0.065               
   17.27020308410287    0.5                  0.17969783414480262  0.5                  0.17969783414480262  0.135                0.0074925            0                    0.065               
   17.27020308410287    0.5                  0.19875327566570528  0.5                  0.19875327566570528  0.1231               0.007053630000000001 0                    0.065               
   17.27020308410287    0.5                  0.24054011085448015  0.5                  0.24054011085448015  0.086                0.0049536            0                    0.065               
   17.27020308410287    0.5                  0.28541371915858244  0.5                  0.28541371915858244  0.0463               0.0047689            0                    0.065               
   17.27020308410287    0.5                  0.3321252821602016   0.5                  0.3321252821602016   0.0266               0.0036974            0                    0.065               
   17.27020308410287    0.5                  0.3799976063451765   0.5                  0.3799976063451765   0.0161               0.0021896            0                    0.065               
   17.27020308410287    0.5                  0.42864195363746727  0.5                  0.42864195363746727  0.0082               0.0021238000000000003 0                    0.065               
   17.27020308410287    0.6                  -0.14167300932789056 0.6                  -0.14167300932789056 0.163                0.0138876            0                    0.065               
   17.27020308410287    0.6                  -0.1345527940717565  0.6                  -0.1345527940717565  0.178                0.0160022            0                    0.065               
   17.27020308410287    0.6                  0.13209412805274565  0.6                  0.13209412805274565  0.178                0.0118726            0                    0.065               
   17.27020308410287    0.6                  0.1345527940717565   0.6                  0.1345527940717565   0.1587               0.00852219           0                    0.065               
   17.27020308410287    0.6                  0.14167300932789056  0.6                  0.14167300932789056  0.1511               0.007283020000000001 0                    0.065               
   17.27020308410287    0.6                  0.15280451630932676  0.6                  0.15280451630932676  0.1211               0.005837020000000001 0                    0.065               
   17.27020308410287    0.6                  0.16714780970756615  0.6                  0.16714780970756615  0.1255               0.0059236            0                    0.065               
   17.27020308410287    0.6                  0.18395312399779706  0.6                  0.18395312399779706  0.1005               0.006723450000000001 0                    0.065               
   17.27020308410287    0.6                  0.20260874813310442  0.6                  0.20260874813310442  0.0787               0.005225680000000001 0                    0.065               
   17.27020308410287    0.6                  0.2437354819514416   0.6                  0.2437354819514416   0.0578               0.00498236           0                    0.065               
   17.27020308410287    0.6                  0.28811183820896724  0.6                  0.28811183820896724  0.0427               0.0035868000000000007 0                    0.065               
   17.27020308410287    0.6                  0.3344467719715792   0.6                  0.3344467719715792   0.019                0.002831             0                    0.065               
   17.27020308410287    0.7                  -0.1479866026832506  0.7                  -0.1479866026832506  0.117                0.0114894            0                    0.065               
   17.27020308410287    0.7                  -0.14118515288169017 0.7                  -0.14118515288169017 0.103                0.010712             0                    0.065               
   17.27020308410287    0.7                  0.13884398318877514  0.7                  0.13884398318877514  0.1102               0.00900334           0                    0.065               
   17.27020308410287    0.7                  0.14118515288169017  0.7                  0.14118515288169017  0.1168               0.00734672           0                    0.065               
   17.27020308410287    0.7                  0.1479866026832506   0.7                  0.1479866026832506   0.1141               0.006229859999999999 0                    0.065               
   17.27020308410287    0.7                  0.15867581166087355  0.7                  0.15867581166087355  0.0929               0.00516524           0                    0.065               
   17.27020308410287    0.7                  0.1725316877902331   0.7                  0.1725316877902331   0.083                0.0039093            0                    0.065               
   17.27020308410287    0.7                  0.18885853126152022  0.7                  0.18885853126152022  0.0705               0.0040326            0                    0.065               
   17.27020308410287    0.7                  0.20707268729065514  0.7                  0.20707268729065514  0.0596               0.00516136           0                    0.065               
   17.27020308410287    0.7                  0.24745863929919934  0.7                  0.24745863929919934  0.0443               0.00400915           0                    0.065               
   17.27020308410287    0.7                  0.2912683029748685   0.7                  0.2912683029748685   0.0191               0.0027121999999999997 0                    0.065               
   17.27020308410287    0.7                  0.3371697440220862   0.7                  0.3371697440220862   0.0162               0.0023813999999999997 0                    0.065               
   17.27020308410287    0.7                  0.3844143780635544   0.7                  0.3844143780635544   0.0092               0.0015087999999999998 0                    0.065               
   17.27020308410287    0.7                  0.4325623164956354   0.7                  0.4325623164956354   0.0062               0.0013516000000000001 0                    0.065               
   17.27020308410287    0.8                  -0.15495218728670396 0.8                  -0.15495218728670396 0.0534               0.0083838            0                    0.065               
   17.27020308410287    0.8                  -0.14847017601333184 0.8                  -0.14847017601333184 0.0862               0.00847346           0                    0.065               
   17.27020308410287    0.8                  0.14624567494093077  0.8                  0.14624567494093077  0.0845               0.007469800000000001 0                    0.065               
   17.27020308410287    0.8                  0.14847017601333184  0.8                  0.14847017601333184  0.0773               0.006129889999999999 0                    0.065               
   17.27020308410287    0.8                  0.15495218728670396  0.8                  0.15495218728670396  0.0637               0.004599140000000001 0                    0.065               
   17.27020308410287    0.8                  0.16519127996792243  0.8                  0.16519127996792243  0.0614               0.004445360000000001 0                    0.065               
   17.27020308410287    0.8                  0.17854223327535135  0.8                  0.17854223327535135  0.06                 0.003948             0                    0.065               
   17.27020308410287    0.8                  0.19436483890215875  0.8                  0.19436483890215875  0.0382               0.0035487799999999996 0                    0.065               
   17.27020308410287    0.8                  0.21210667974624692  0.8                  0.21210667974624692  0.0346               0.0037368            0                    0.065               
   17.27020308410287    0.8                  0.25168616158822626  0.8                  0.25168616158822626  0.0235               0.00194345           0                    0.065               
   17.27020308410287    0.8                  0.29486839452383384  0.8                  0.29486839452383384  0.0151               0.0022348000000000003 0                    0.065               
   17.27020308410287    0.8                  0.3402845604124916   0.8                  0.3402845604124916   0.0132               0.00198              0                    0.065               
   17.27020308410287    0.9                  -0.16248593442397127 0.9                  -0.16248593442397127 0.0432               0.0066960000000000006 0                    0.065               
   17.27020308410287    0.9                  -0.15631663924908012 0.9                  -0.15631663924908012 0.0427               0.0059353            0                    0.065               
   17.27020308410287    0.9                  0.1542053694902538   0.9                  0.1542053694902538   0.0481               0.005868199999999999 0                    0.065               
   17.27020308410287    0.9                  0.15631663924908012  0.9                  0.15631663924908012  0.0409               0.0043763            0                    0.065               
   17.27020308410287    0.9                  0.16248593442397127  0.9                  0.16248593442397127  0.0385               0.0034919500000000006 0                    0.065               
   17.27020308410287    0.9                  0.17227784976060576  0.9                  0.17227784976060576  0.0441               0.00357651           0                    0.065               
   17.27020308410287    0.9                  0.18511841508517538  0.9                  0.18511841508517538  0.0363               0.00311817           0                    0.065               
   17.27020308410287    0.9                  0.20042252653371934  0.9                  0.20042252653371934  0.0275               0.0029975            0                    0.065               
   17.27020308410287    0.9                  0.217671178922875    0.9                  0.217671178922875    0.0242               0.00242              0                    0.065               
   17.27020308410287    0.9                  0.25639310145889666  0.9                  0.25639310145889666  0.019                0.002185             0                    0.065               
   17.27020308410287    0.9                  0.2988960833295757   0.9                  0.2988960833295757   0.0141               0.0016496999999999998 0                    0.065               
   17.27020308410287    0.9                  0.34378057041639215  0.9                  0.34378057041639215  0.0061               0.0013237000000000001 0                    0.065               
   17.27020308410287    0.9                  0.39022565058423586  0.9                  0.39022565058423586  0.00435              0.0008960999999999999 0                    0.065               
   17.27020308410287    0.9                  0.43773485349463676  0.9                  0.43773485349463676  0.00189              0.0007182            0                    0.065               
   17.27020308410287    1.1                  -0.17896573492014364 1.1                  -0.17896573492014364 0.0155               0.0019065000000000002 0                    0.065               
   17.27020308410287    1.1                  0.17148280196422536  1.1                  0.17148280196422536  0.0194               0.00157528           0                    0.065               
   17.27020308410287    1.1                  0.17896573492014364  1.1                  0.17896573492014364  0.0153               0.0011306699999999999 0                    0.065               
   17.27020308410287    1.1                  0.1997395378825217   1.1                  0.1997395378825217   0.0142               0.0010394400000000002 0                    0.065               
   17.27020308410287    1.1                  0.23023422318054781  1.1                  0.23023422318054781  0.01008              0.0009223200000000001 0                    0.065               
   17.27020308410287    1.1                  0.26714130692498317  1.1                  0.26714130692498317  0.00796              0.000686948          0                    0.065               
   17.27020308410287    1.1                  0.3081654166509225   1.1                  0.3081654166509225   0.00447              0.00071967           0                    0.065               
   17.27020308410287    1.1                  0.3518694871478572   1.1                  0.3518694871478572   0.0023               0.0005083            0                    0.065               
   17.27020308410287    1.1                  0.3973702477083132   1.1                  0.3973702477083132   0.00182              0.0004914            0                    0.065               
   17.27020308410287    1.1                  0.4441158152485083   1.1                  0.4441158152485083   0.00073              0.0003942            0                    0.065               
   17.27020308410287    1.3                  -0.1969294308714631  1.3                  -0.1969294308714631  0.0095               0.0013965            0                    0.065               
   17.27020308410287    1.3                  0.19015472078639795  1.3                  0.19015472078639795  0.00532              0.0008990799999999999 0                    0.065               
   17.27020308410287    1.3                  0.1969294308714631   1.3                  0.1969294308714631   0.00515              0.00068495           0                    0.065               
   17.27020308410287    1.3                  0.2159822896937954   1.3                  0.2159822896937954   0.00521              0.00065646           0                    0.065               
   17.27020308410287    1.3                  0.24445912540014034  1.3                  0.24445912540014034  0.00403              0.0006246499999999999 0                    0.065               
   17.27020308410287    1.3                  0.27949408640155393  1.3                  0.27949408640155393  0.00255              0.00038760000000000004 0                    0.065               
   17.27020308410287    1.3                  0.31893320693757793  1.3                  0.31893320693757793  0.00152              0.00032984           0                    0.065               
   17.27020308410287    1.3                  0.36133724199637557  1.3                  0.36133724199637557  0.00128              0.00034688000000000004 0                    0.065               
   17.27020308410287    1.5                  -0.21600712555187804 1.5                  -0.21600712555187804 0.00272              0.0007371200000000002 0                    0.065               
   17.27020308410287    1.5                  0.20984922059226097  1.5                  0.20984922059226097  0.00258              0.00061404           0                    0.065               
   17.27020308410287    1.5                  0.21600712555187804  1.5                  0.21600712555187804  0.00241              0.00048681999999999995 0                    0.065               
   17.27020308410287    1.5                  0.23350851592008584  1.5                  0.23350851592008584  0.00179              0.00038305999999999995 0                    0.065               
   17.27020308410287    1.5                  0.26007333876664096  1.5                  0.26007333876664096  0.00127              0.00028956           0                    0.065               
   17.27020308410287    1.5                  0.2932487372168306   1.5                  0.2932487372168306   0.00068              0.00020672           0                    0.065               
   17.27020308410287    1.5                  0.3310532706881391   1.5                  0.3310532706881391   0.00057              0.00019664999999999998 0                    0.065               
#
#End Tab 1
#