# Allaby et al, DOI:10.17182/hepdata.1345
# p + p -> pbar + X 
#
#
#
# Tab 1
#*  sqrt(s)              pT                   xR                   p_pbar_LAB           theta_LAB            inv CS               CS_stat              CS_sys               err_scale           
   6.15                 0.056248535167694035 0.4082356560908473   4.5                  0.0125               0.056523326263257165 0.001695699787897715 0                    0.15                
   6.15                 0.08999400011999888  0.40891963603584236  4.5                  0.02                 0.051075294816196236 0.0015322588444858871 0                    0.15                
   6.15                 0.13497975091123052  0.4103225848616486   4.5                  0.03                 0.05448031447060932  0.0016344094341182796 0                    0.15                
   6.15                 0.17995200383985374  0.41228651680265044  4.5                  0.04                 0.049486285644136804 0.0014845885693241041 0                    0.15                
   6.15                 0.22490626171805245  0.41481123546728865  4.5                  0.05                 0.04630826730001792  0.0013892480190005375 0                    0.15                
   6.15                 0.26983802915750066  0.41789648838580323  4.5                  0.06                 0.04358425157648746  0.0013075275472946239 0                    0.15                
   6.15                 0.31474281301889745  0.42154196703547164  4.5                  0.07                 0.037682217508838114 0.0015072887003535244 0                    0.15                
#
#End Tab 1
#
#
#
# Tab 2
#*  sqrt(s)              pT                   xR                   p_pbar_LAB           theta_LAB            inv CS               CS_stat              CS_sys               err_scale           
   6.15                 0.07499804689025871  0.47082200663148893  6.0                  0.0125               0.026653370089268835 0.000799601102678065 0                    0.15                
   6.15                 0.11999200015999849  0.47173397989148386  6.0                  0.02                 0.02513514014747504  0.0007540542044242512 0                    0.15                
   6.15                 0.179973001214974    0.4736045783258907   6.0                  0.03                 0.022942141342661784 0.0006882642402798535 0                    0.15                
   6.15                 0.239936005119805    0.4762231542472265   6.0                  0.04                 0.02091783475360339  0.0006275350426081018 0                    0.15                
   6.15                 0.29987501562406993  0.4795894458000789   6.0                  0.05                 0.018050067085770668 0.00054150201257312  0                    0.15                
   6.15                 0.35978403887666754  0.4837031163580978   6.0                  0.06                 0.015536553071023165 0.00046609659213069494 0                    0.15                
   6.15                 0.41965708402519664  0.4885637545576557   6.0                  0.07                 0.01266878540319044  0.0003800635620957132 0                    0.15                
#
#End Tab 2
#
#
#
# Tab 3
#*  sqrt(s)              pT                   xR                   p_pbar_LAB           theta_LAB            inv CS               CS_stat              CS_sys               err_scale           
   6.15                 0.09999739585367828  0.5722435334638204   8.0                  0.0125               0.006997637238702062 0.00020992911716106186 0                    0.15                
   6.15                 0.15998933354666467  0.5734594978104794   8.0                  0.02                 0.0063935246713320995 0.000191805740139963 0                    0.15                
   6.15                 0.23996400161996534  0.5759536290563566   8.0                  0.03                 0.006104054066133993 0.00018312162198401977 0                    0.15                
   6.15                 0.31991467349307334  0.5794450636181367   8.0                  0.04                 0.0043168877209978545 0.00012950663162993563 0                    0.15                
   6.15                 0.39983335416542654  0.5839334523552718   8.0                  0.05                 0.0035491613332985276 0.00010647483999895583 0                    0.15                
   6.15                 0.5595427787002621   0.5958991973653752   8.0                  0.07                 0.0019381944869786287 5.8145834609358865e-05 0                    0.15                
#
#End Tab 3
#
#
#
# Tab 4
#*  sqrt(s)              pT                   xR                   p_pbar_LAB           theta_LAB            inv CS               CS_stat              CS_sys               err_scale           
   6.15                 0.12499674481709785  0.6830586732313786   10.0                 0.0125               0.00142623682048554  5.70494728194216e-05 0                    0.15                
   6.15                 0.1999866669333308   0.6845786286647015   10.0                 0.02                 0.0011751387887099167 3.5254163661297505e-05 0                    0.15                
   6.15                 0.2999550020249567   0.6876962927220478   10.0                 0.03                 0.0009029485222651412 2.7088455667954238e-05 0                    0.15                
   6.15                 0.34992854604336204  0.6897226350353438   10.0                 0.035                0.0006940349598278226 2.7761398393112906e-05 0                    0.15                
   6.15                 0.3998933418663417   0.6920605859242737   10.0                 0.04                 0.0006618944117605428 1.9856832352816287e-05 0                    0.15                
   6.15                 0.4997916927067832   0.6976710718456928   10.0                 0.05                 0.00044092814379799444 1.3227844313939832e-05 0                    0.15                
   6.15                 0.5996400647944459   0.7045271894423916   10.0                 0.06                 0.0002862517562242105 1.1450070248968418e-05 0                    0.15                
   6.15                 0.6994284733753277   0.7126282531083213   10.0                 0.07                 0.0001968608569120886 7.874434276483545e-06 0                    0.15                
#
#End Tab 4
#
#
#
# Tab 5
#*  sqrt(s)              pT                   xR                   p_pbar_LAB           theta_LAB            inv CS               CS_stat              CS_sys               err_scale           
   6.15                 0.13749641929880763  0.7404029645659201   11.0                 0.0125               0.0004589331922654234 1.3767995767962702e-05 0                    0.15                
   6.15                 0.2199853336266639   0.7420749155425744   11.0                 0.02                 0.0004051020623575506 1.6204082494302025e-05 0                    0.15                
   6.15                 0.32995050222745237  0.7455043460056558   11.0                 0.03                 0.00028466631408908963 1.1386652563563586e-05 0                    0.15                
   6.15                 0.38492140064769825  0.7477333225502802   11.0                 0.035                0.00021441212759915404 1.2864727655949243e-05 0                    0.15                
   6.15                 0.4398826760529758   0.7503050685281039   11.0                 0.04                 0.00019068993475839657 7.627597390335863e-06 0                    0.15                
   6.15                 0.5497708619774615   0.7564766030416659   11.0                 0.05                 0.00011404900404210323 4.561960161684129e-06 0                    0.15                
   6.15                 0.6596040712738905   0.7640183323980341   11.0                 0.06                 6.988922967700084e-05 3.494461483850042e-06 0                    0.15                
   6.15                 0.7693713207128605   0.7729295024305555   11.0                 0.07                 3.8229226154912996e-05 1.9114613077456496e-06 0                    0.15                
#
#End Tab 5
#
#
#
# Tab 6
#*  sqrt(s)              pT                   xR                   p_pbar_LAB           theta_LAB            inv CS               CS_stat              CS_sys               err_scale           
   6.15                 0.14999609378051743  0.7986111488326595   12.0                 0.0125               0.0001195303786710917 4.781215146843668e-06 0                    0.15                
   6.15                 0.23998400031999698  0.8004350953526493   12.0                 0.02                 0.00010364871996654105 4.145948798661642e-06 0                    0.15                
   6.15                 0.359946002429948    0.804176292221463    12.0                 0.03                 6.99628859774152e-05 3.4981442988707604e-06 0                    0.15                
   6.15                 0.41991425525203446  0.80660790299742     12.0                 0.035                4.288047850228674e-05 4.288047850228674e-06 0                    0.15                
   6.15                 0.47987201023961     0.8094134440641346   12.0                 0.04                 3.535758753697328e-05 2.121455252218397e-06 0                    0.15                
   6.15                 0.5997500312481399   0.8161460271698394   12.0                 0.05                 1.9559516509815004e-05 1.3691661556870506e-06 0                    0.15                
   6.15                 0.7195680777533351   0.8243733682858773   12.0                 0.06                 1.2120213221893913e-05 1.090819189970452e-06 0                    0.15                
   6.15                 0.8393141680503933   0.8340946446849931   12.0                 0.07                 5.3328938176333224e-06 5.866183199396654e-07 0                    0.15                
#
#End Tab 6
#
#
#
# Tab 7
#*  sqrt(s)              pT                   xR                   p_pbar_LAB           theta_LAB            inv CS               CS_stat              CS_sys               err_scale           
   6.15                 0.1624957682622272   0.8574850442766504   13.0                 0.0125               2.028339383029071e-05 1.2170036298174426e-06 0                    0.15                
   6.15                 0.25998266701333006  0.8594609863399701   13.0                 0.02                 1.519326458010369e-05 1.215461166408295e-06 0                    0.15                
   6.15                 0.3899415026324437   0.8635139496145219   13.0                 0.03                 7.943686557110051e-06 7.149317901399045e-07 0                    0.15                
   6.15                 0.4549071098563707   0.8661481946218057   13.0                 0.035                5.65312839452589e-06 5.087815555073302e-07 0                    0.15                
   6.15                 0.5198613444262442   0.8691875307774142   13.0                 0.04                 4.943595226318002e-06 5.437954748949803e-07 0                    0.15                
   6.15                 0.6497292005188181   0.8764811624752618   13.0                 0.05                 2.3753936500872772e-06 4.513247935165826e-07 0                    0.15                
   6.15                 0.7795320842327798   0.8853941153509692   13.0                 0.06                 7.94368655711005e-07 2.700853429417417e-07 0                    0.15                
   6.15                 0.909257015387926    0.8959254981166765   13.0                 0.07                 5.36006034678785e-07 2.1976247421830184e-07 0                    0.15                
#
#End Tab 7
#
#
#
# Tab 8
#*  sqrt(s)              pT                   xR                   p_pbar_LAB           theta_LAB            inv CS               CS_stat              CS_sys               err_scale           
   6.15                 0.174995442743937    0.9168827182633681   14.0                 0.0125               1.474729406728096e-06 2.3595670507649538e-07 0                    0.15                
   6.15                 0.27998133370666317  0.9190106558700205   14.0                 0.02                 9.163367187436714e-07 2.56574281248228e-07 0                    0.15                
   6.15                 0.41993700283493934  0.9233753855503075   14.0                 0.03                 2.11902866209474e-07 1.229036624014949e-07 0                    0.15                
   6.15                 0.4898999644607069   0.9262122647889212   14.0                 0.035                3.64387023312913e-07 1.7854964142332736e-07 0                    0.15                
   6.15                 0.5598506786128783   0.9294853960334234   14.0                 0.04                 1.7467668701051234e-07 1.0131247846609715e-07 0                    0.15                
   6.15                 0.6997083697894965   0.937340076323408    14.0                 0.05                 1.7754023925658632e-07 1.0297333876882008e-07 0                    0.15                
   6.15                 0.8394960907122243   0.9469386409587879   14.0                 0.06                 1.6894958251836442e-07 1.1995420358803874e-07 0                    0.15                
#
#End Tab 8
#