# NA61 et al,  arXiv:1705.02467 
# p + p -> pbar + X 
 #
#
#
# Tab 1
#*  sqrt(s)              pT                   xR                   pT                   xR                   inv CS               CS_stat              CS_sys               err_scale           
   7.743398316503949    0.05                 0.2763603153037937   0.05                 0.2763603153037937   0.1424231372231006   0.028128250311229216 0.014836930565824455 0.05                
   7.743398316503949    0.15                 0.2794730892078755   0.15                 0.2794730892078755   0.15070094378343937  0.024669721983287072 0.011934908914708567 0.05                
   7.743398316503949    0.25                 0.2855968750258918   0.25                 0.2855968750258918   0.15673029144383605  0.022001781081032033 0.018244961899538364 0.05                
   7.743398316503949    0.35                 0.2945439291078624   0.35                 0.2945439291078624   0.10028769017005289  0.015255762291854512 0.015255762291854512 0.05                
   7.743398316503949    0.45                 0.3060667591239221   0.45                 0.3060667591239221   0.06523278889878924  0.011423635035079295 0.0091573695588651   0.05                
   7.743398316503949    0.55                 0.31988713575810657  0.55                 0.31988713575810657  0.036818641011858354 0.007271625221653829 0.0047303644336777586 0.05                
   7.743398316503949    0.65                 0.3357214350067783   0.65                 0.3357214350067783   0.024323121935541595 0.005592634686080831 0.003124964394390581 0.05                
   7.743398316503949    0.75                 0.3532989781177927   0.75                 0.3532989781177927   0.02196782987560653  0.005282126411497338 0.003083845215450341 0.05                
   7.743398316503949    0.85                 0.3723729819303806   0.85                 0.3723729819303806   0.017848329623375046 0.0055357142104860676 0.002715080291350911 0.05                
   7.743398316503949    0.05                 0.28745162512381767  0.05                 0.28745162512381767  0.14618707903510314  0.04944272210895242  0.02053442095303022  0.05                
   7.743398316503949    0.15                 0.2906893255743607   0.15                 0.2906893255743607   0.16132758102537362  0.026425286665085354 0.026425286665085354 0.05                
   7.743398316503949    0.25                 0.2970588804193245   0.25                 0.2970588804193245   0.14229542108983856  0.021659157992761656 0.021659157992761656 0.05                
   7.743398316503949    0.35                 0.3063650111968422   0.35                 0.3063650111968422   0.12323326189772683  0.02159367540498501  0.01584248459416452  0.05                
   7.743398316503949    0.45                 0.31835029284084665  0.45                 0.31835029284084665  0.05089597069581965  0.00891832480046571  0.005928484662846111 0.05                
   7.743398316503949    0.55                 0.33272532971599467  0.55                 0.33272532971599467  0.04648811430751233  0.008669938256910951 0.006530000856916095 0.05                
   7.743398316503949    0.65                 0.34919511499151135  0.65                 0.34919511499151135  0.03289285558450774  0.006860831328578383 0.00422860371133892  0.05                
   7.743398316503949    0.75                 0.3674781066265107   0.75                 0.3674781066265107   0.013559523625255119 0.0026795745320861565 0.001743169667326562 0.05                
   7.743398316503949    0.85                 0.38731761718546753  0.85                 0.38731761718546753  0.018583275290687463 0.0034657448673725082 0.0026103212775179575 0.05                
   7.743398316503949    0.05                 0.3100793779711733   0.05                 0.3100793779711733   0.07380690780420483  0.017756963466502948 0.00859721151053661  0.05                
   7.743398316503949    0.15                 0.31357194525559534  0.15                 0.31357194525559534  0.09607487059297724  0.018985862837227554 0.013495256212043116 0.05                
   7.743398316503949    0.25                 0.32044290172845885  0.25                 0.32044290172845885  0.08474039124323282  0.012898592635623882 0.009870786967108084 0.05                
   7.743398316503949    0.35                 0.33048159690566686  0.35                 0.33048159690566686  0.09146317201178962  0.013921847979686668 0.013921847979686668 0.05                
   7.743398316503949    0.45                 0.34341034161316825  0.45                 0.34341034161316825  0.04580015155820697  0.008025389813627732 0.005887918416672163 0.05                
   7.743398316503949    0.55                 0.35891695943325735  0.55                 0.35891695943325735  0.024125733869173334 0.008377888078052918 0.0033888538185288053 0.05                
   7.743398316503949    0.65                 0.37668322104806373  0.65                 0.37668322104806373  0.015290889626478472 0.005171596536996219 0.0015939389075327692 0.05                
   7.743398316503949    0.75                 0.3964054218572983   0.75                 0.3964054218572983   0.01203519882704577  0.0021088799027635433 0.001690535883945672 0.05                
   7.743398316503949    0.05                 0.3451517050190541   0.05                 0.3451517050190541   0.06808854074136969  0.013447403596727933 0.008747842865401286 0.05                
   7.743398316503949    0.15                 0.3490393081257145   0.15                 0.3490393081257145   0.06725932737230243  0.016870032229519168 0.011010276857617619 0.05                
   7.743398316503949    0.25                 0.3566874218352982   0.25                 0.3566874218352982   0.053866244066868976 0.010638508292782305 0.006270567413629608 0.05                
   7.743398316503949    0.35                 0.36786156949790744  0.35                 0.36786156949790744  0.058928539668769805 0.010983482199989101 0.008964198907306216 0.05                
   7.743398316503949    0.45                 0.38225265318991947  0.45                 0.38225265318991947  0.020084180648623304 0.003743419903409974 0.002580357107791086 0.05                
   7.743398316503949    0.55                 0.399513186975498    0.55                 0.399513186975498    0.021634487790726468 0.00608142026682838  0.003037042760181971 0.05                
   7.743398316503949    0.65                 0.41928894738977185  0.65                 0.41928894738977185  0.017566258340889426 0.0026721766947221046 0.0026721766947221046 0.05                
   7.743398316503949    0.05                 0.39407618189918436  0.05                 0.39407618189918436  0.06053118416353496  0.009908942161920129 0.008497371879438468 0.05                
   7.743398316503949    0.15                 0.39851484399105364  0.15                 0.39851484399105364  0.041819665404872294 0.01413645669647169  0.0068458712854539226 0.05                
   7.743398316503949    0.25                 0.407247060594872    0.25                 0.407247060594872    0.04060292362760244  0.00846401832002118  0.005216540902294615 0.05                
   7.743398316503949    0.35                 0.4200051185236764   0.35                 0.4200051185236764   0.033277420953228096 0.007651529682690619 0.004275402821497369 0.05                
   7.743398316503949    0.45                 0.4364361059192816   0.45                 0.4364361059192816   0.02318620903920025  0.0040603906059396766 0.003254864759024438 0.05                
   7.743398316503949    0.55                 0.45614328149700945  0.55                 0.45614328149700945  0.006227813768180268 0.0015620665529746153 0.0008001337600885388 0.05                
   7.743398316503949    0.65                 0.4787222114135801   0.65                 0.4787222114135801   0.0031249549479310207 0.0006852055567646395 0.0003637765451648848 0.05                
#
#End Tab 1
#
#
#
# Tab 1
#*  sqrt(s)              pT                   xR                   pT                   xR                   inv CS               CS_stat              CS_sys               err_scale           
   8.766020930987208    0.45                 0.2626807249859189   0.45                 0.2626807249859189   0.08514281725557396  0.01295981655464614  0.01295981655464614  0.05                
   8.766020930987208    0.55                 0.2745420148699868   0.55                 0.2745420148699868   0.055895874013248255 0.008508080563706914 0.008508080563706914 0.05                
   8.766020930987208    0.65                 0.288131746790535    0.65                 0.288131746790535    0.02546278294316386  0.004170771190034648 0.004170771190034648 0.05                
   8.766020930987208    0.75                 0.30321761165573263  0.75                 0.30321761165573263  0.023639439451102858 0.0035982336792743093 0.0035982336792743093 0.05                
   8.766020930987208    0.85                 0.3195878086814284   0.85                 0.3195878086814284   0.010775285991406704 0.002009563094420134 0.0012551268330570212 0.05                
   8.766020930987208    0.05                 0.24670435137104477  0.05                 0.24670435137104477  0.18794877528640483  0.03503120486195821  0.02638427660178407  0.05                
   8.766020930987208    0.15                 0.249483096452903    0.15                 0.249483096452903    0.13347085167548006  0.020303565338072663 0.020303565338072663 0.05                
   8.766020930987208    0.25                 0.254949744609344    0.25                 0.254949744609344    0.13504515588403038  0.020543054999639668 0.020543054999639668 0.05                
   8.766020930987208    0.35                 0.26293669878381665  0.35                 0.26293669878381665  0.11855851564966402  0.019407901198817926 0.019407901198817926 0.05                
   8.766020930987208    0.45                 0.2732230248141871   0.45                 0.2732230248141871   0.07400039959881523  0.009507377158326483 0.009507377158326483 0.05                
   8.766020930987208    0.55                 0.2855603499091162   0.55                 0.2855603499091162   0.047924476944040645 0.007290271486113313 0.007290271486113313 0.05                
   8.766020930987208    0.65                 0.29969548548842123  0.65                 0.29969548548842123  0.03632708561094301  0.005526063373876206 0.0046671997008368195 0.05                
   8.766020930987208    0.75                 0.31538679908072353  0.75                 0.31538679908072353  0.027063808024099745 0.003799209899370097 0.003799209899370097 0.05                
   8.766020930987208    0.95                 0.350582467259609    0.95                 0.350582467259609    0.006197758762750065 0.0012240503048475764 0.0009428040504872635 0.05                
   8.766020930987208    0.05                 0.26612454107004757  0.05                 0.26612454107004757  0.15385557091923643  0.03038622445427786  0.017910340737544824 0.05                
   8.766020930987208    0.15                 0.26912202472021635  0.15                 0.26912202472021635  0.12365408374774621  0.009792911126314256 0.0066179582755092085 0.05                
   8.766020930987208    0.25                 0.27501899906922656  0.25                 0.27501899906922656  0.13587292572200454  0.02066899444262084  0.017456596608801313 0.05                
   8.766020930987208    0.35                 0.28363467407624027  0.35                 0.28363467407624027  0.08936600514187565  0.01462918288310628  0.011481500774046072 0.05                
   8.766020930987208    0.45                 0.29473072397935723  0.45                 0.29473072397935723  0.0695068928881255   0.011378253353527105 0.008930056157591388 0.05                
   8.766020930987208    0.55                 0.30803922446049364  0.55                 0.30803922446049364  0.03419074476271609  0.005201094126925587 0.00439274339164541  0.05                
   8.766020930987208    0.65                 0.3232870563211803   0.65                 0.3232870563211803   0.027761411640100927 0.004223067933817163 0.003566709449316943 0.05                
   8.766020930987208    0.05                 0.29622524302883313  0.05                 0.29622524302883313  0.03922412946838013  0.01217218051753306  0.005042532593387863 0.05                
   8.766020930987208    0.15                 0.29956176479107255  0.15                 0.29956176479107255  0.08040394572116705  0.011294013696320717 0.011294013696320717 0.05                
   8.766020930987208    0.25                 0.30612573161895923  0.25                 0.30612573161895923  0.06352589082009084  0.00966944300327501  0.00966944300327501  0.05                
   8.766020930987208    0.35                 0.3157159047482322   0.35                 0.3157159047482322   0.05655093109545071  0.009262975539615748 0.009262975539615748 0.05                
   8.766020930987208    0.45                 0.3280670019675816   0.45                 0.3280670019675816   0.04105966225407024  0.006725510989373491 0.006249802290981103 0.05                
   8.766020930987208    0.55                 0.34288079468854793  0.55                 0.34288079468854793  0.033135150812723765 0.005043583627296558 0.004654367419520969 0.05                
   8.766020930987208    0.65                 0.3598532718619545   0.65                 0.3598532718619545   0.01805108174946987  0.003163026018589756 0.0018816569807643309 0.05                
   8.766020930987208    0.75                 0.3786942982017393   0.75                 0.3786942982017393   0.007754863322852742 0.0015324793614803658 0.000903304141545739 0.05                
   8.766020930987208    0.05                 0.33821450410774057  0.05                 0.33821450410774057  0.04580383529990373  0.00802121941309535  0.005884751089042307 0.05                
   8.766020930987208    0.15                 0.3420239703156918   0.15                 0.3420239703156918   0.0368126758247163   0.009981563371386112 0.004729600686219927 0.05                
   8.766020930987208    0.25                 0.3495183646589088   0.25                 0.3495183646589088   0.04515419624586252  0.00739174241481798  0.005801313455359424 0.05                
   8.766020930987208    0.35                 0.3604679232315005   0.35                 0.3604679232315005   0.038039626169764716 0.005786593896271087 0.004887236176527945 0.05                
   8.766020930987208    0.45                 0.37456976066613856  0.45                 0.37456976066613856  0.02578519221696193  0.004806024012476877 0.003922452368333236 0.05                
   8.766020930987208    0.55                 0.3914833751435813   0.55                 0.3914833751435813   0.012859538898536693 0.003092041660914174 0.0019561909840949197 0.05                
   8.766020930987208    0.65                 0.410861662733086    0.65                 0.410861662733086    0.0064525636669560725 0.001129984222190094 0.0009058102820656748 0.05                
   8.766020930987208    0.75                 0.43237336212519684  0.75                 0.43237336212519684  0.003651305886740049 0.0009900368684845242 0.0005125705151499418 0.05                
#
#End Tab 1
#
#
#
# Tab 1
#*  sqrt(s)              pT                   xR                   pT                   xR                   inv CS               CS_stat              CS_sys               err_scale           
   12.324551383342271   0.05                 0.16069037218029908  0.05                 0.16069037218029908  0.4216960045826021   0.08316460138434982  0.08316460138434982  0.05                
   12.324551383342271   0.15                 0.16250030207783225  0.15                 0.16250030207783225  0.4559870019771071   0.08413792006262041  0.08413792006262041  0.05                
   12.324551383342271   0.25                 0.16606099211817962  0.25                 0.16606099211817962  0.3354976620305039   0.06616483393210658  0.053183805987238875 0.05                
   12.324551383342271   0.35                 0.17126327830304194  0.35                 0.17126327830304194  0.2551636838405457   0.04708252297920509  0.04044918459634545  0.05                
   12.324551383342271   0.45                 0.17796325562002951  0.45                 0.17796325562002951  0.183485987735695    0.03385663879214096  0.026644956600547786 0.05                
   12.324551383342271   0.55                 0.1859991469620182   0.55                 0.1859991469620182   0.12436009144830192  0.024525513036999385 0.01971384032123629  0.05                
   12.324551383342271   0.65                 0.19520603846771897  0.65                 0.19520603846771897  0.10358992492108358  0.022998477211931642 0.017778316586080877 0.05                
   12.324551383342271   0.75                 0.2054265433235599   0.75                 0.2054265433235599   0.033409203309930566 0.006164631072745123 0.005296103781209761 0.05                
   12.324551383342271   0.85                 0.21651716886523337  0.85                 0.21651716886523337  0.04034546189879532  0.00846092000239355  0.007444509382315495 0.05                
   12.324551383342271   0.95                 0.2283511694494014   0.95                 0.2283511694494014   0.018099277021487645 0.0044533244348603325 0.0033396527675250975 0.05                
   12.324551383342271   1.05                 0.2408189802078444   1.05                 0.2408189802078444   0.005208948741259541 0.0010272811554787335 0.0008257328727970468 0.05                
   12.324551383342271   0.05                 0.1671394410380599   0.05                 0.1671394410380599   0.4334358955516829   0.08547973816104155  0.07438739691845836  0.05                
   12.324551383342271   0.15                 0.16902200977747597  0.15                 0.16902200977747597  0.3371136876488559   0.07069694949527439  0.04439695664419937  0.05                
   12.324551383342271   0.25                 0.17272560281157323  0.25                 0.17272560281157323  0.3341840053455277   0.07419401102728715  0.06590576520668656  0.05                
   12.324551383342271   0.35                 0.17813667500749977  0.35                 0.17813667500749977  0.3266962320051936   0.06442917462963593  0.05606847886387614  0.05                
   12.324551383342271   0.45                 0.185105545939434    0.45                 0.185105545939434    0.20398576037443922  0.040228769019327114 0.03500846230640497  0.05                
   12.324551383342271   0.55                 0.19346394581690493  0.55                 0.19346394581690493  0.17221710614878147  0.03396373010163302  0.02730032976402619  0.05                
   12.324551383342271   0.65                 0.20304034220631828  0.65                 0.20304034220631828  0.08283456251617624  0.01737139104876305  0.010909041620211408 0.05                
   12.324551383342271   0.75                 0.21367103180865066  0.75                 0.21367103180865066  0.060409650276922855 0.013411832457481019 0.008772361679475333 0.05                
   12.324551383342271   0.85                 0.22520676309513898  0.85                 0.22520676309513898  0.028906192342534952 0.006061974054951357 0.004197611402481046 0.05                
   12.324551383342271   0.95                 0.23751570367474398  0.95                 0.23751570367474398  0.012178633281985127 0.0038215496406735668 0.002247192119154383 0.05                
   12.324551383342271   1.05                 0.2504838914563761   1.05                 0.2504838914563761   0.005700756084442225 0.0016002996432552936 0.0009036999899957344 0.05                
   12.324551383342271   0.05                 0.18029640253106008  0.05                 0.18029640253106008  0.3775908359938947   0.07914549561581675  0.06476962309605568  0.05                
   12.324551383342271   0.15                 0.18232716420601902  0.15                 0.18232716420601902  0.2935379699111875   0.05413543386584739  0.03460891207923347  0.05                
   12.324551383342271   0.25                 0.1863222984265216   0.25                 0.1863222984265216   0.2732161730645425   0.05385504060192279  0.043288406207435084 0.05                
   12.324551383342271   0.35                 0.19215932196029809  0.35                 0.19215932196029809  0.20778867516554866  0.03832120727114706  0.030158118120373726 0.05                
   12.324551383342271   0.45                 0.19967677176704302  0.45                 0.19967677176704302  0.15418645165680162  0.03231847758283232  0.028435702356265514 0.05                
   12.324551383342271   0.55                 0.20869313211541163  0.55                 0.20869313211541163  0.1475710598944887   0.029088239153877593 0.023381113402089843 0.05                
   12.324551383342271   0.65                 0.21902336780065298  0.65                 0.21902336780065298  0.06362097175819868  0.012540594207292552 0.00923387578145004  0.05                
   12.324551383342271   0.75                 0.23049088905010134  0.75                 0.23049088905010134  0.04029426194038313  0.00844598229243974  0.006911844529772617 0.05                
   12.324551383342271   0.85                 0.24293469548263116  0.85                 0.24293469548263116  0.01898748111729364  0.003979908643086952 0.0024992799598290384 0.05                
   12.324551383342271   0.95                 0.25621257706275447  0.95                 0.25621257706275447  0.011660405872264289 0.0027286584748019063 0.002150460619762721 0.05                
   12.324551383342271   1.05                 0.2702016007776483   1.05                 0.2702016007776483   0.0063872457670203645 0.00171952055686304  0.0010119912055695137 0.05                
   12.324551383342271   0.05                 0.20068929172123887  0.05                 0.20068929172123887  0.283986692836717    0.059525495842666594 0.048713466472639654 0.05                
   12.324551383342271   0.15                 0.2029497479282447   0.15                 0.2029497479282447   0.2623349610314282   0.058213141419583836 0.04156413006919343  0.05                
   12.324551383342271   0.25                 0.20739676209928903  0.25                 0.20739676209928903  0.2559359716526905   0.05364578339392566  0.03714620659580393  0.05                
   12.324551383342271   0.35                 0.2138939972205056   0.35                 0.2138939972205056   0.17169642865303084  0.038100229706109254 0.02945175731658277  0.05                
   12.324551383342271   0.45                 0.2222617275583625   0.45                 0.2222617275583625   0.11415953323095289  0.025332520786096685 0.018087468133484913 0.05                
   12.324551383342271   0.55                 0.2322979065769973   0.55                 0.2322979065769973   0.096379070872434    0.0202017445783464   0.016532251732901806 0.05                
   12.324551383342271   0.65                 0.24379657018803302  0.65                 0.24379657018803302  0.06547660104318896  0.013724275137907341 0.010374112503995774 0.05                
   12.324551383342271   0.75                 0.25656115497753584  0.75                 0.25656115497753584  0.041469553299184614 0.009202270887036927 0.006570432157004987 0.05                
   12.324551383342271   0.85                 0.27041245020141247  0.85                 0.27041245020141247  0.018643267445136915 0.003907755195055268 0.002953838782678191 0.05                
   12.324551383342271   0.95                 0.2851921607916688   0.95                 0.2851921607916688   0.011813785764019235 0.0026215238734097726 0.0020264587282215834 0.05                
   12.324551383342271   1.05                 0.30076344908029684  1.05                 0.30076344908029684  0.007569920485663943 0.002455112489225693 0.0011993832038295464 0.05                
   12.324551383342271   0.05                 0.22913654685608872  0.05                 0.22913654685608872  0.18459318164965366  0.04544141137839743  0.036422840809699486 0.05                
   12.324551383342271   0.15                 0.23171741763972856  0.15                 0.23171741763972856  0.22293828310107713  0.04398877893198403  0.03239095659633737  0.05                
   12.324551383342271   0.25                 0.2367947860545246   0.25                 0.2367947860545246   0.2076085444400782   0.04355992781221083  0.032927610583474314 0.05                
   12.324551383342271   0.35                 0.2442129896219355   0.35                 0.2442129896219355   0.12477192120178493  0.026179301079168014 0.021424708024317316 0.05                
   12.324551383342271   0.45                 0.25376682689045654  0.45                 0.25376682689045654  0.09404514872128933  0.01973238768759696  0.014916053466192685 0.05                
   12.324551383342271   0.55                 0.26522561168278996  0.55                 0.26522561168278996  0.05892187525742568  0.012362867901555497 0.010117553820074848 0.05                
   12.324551383342271   0.65                 0.27835418496487735  0.65                 0.27835418496487735  0.03529602427161779  0.007405744257209038 0.0060607299823620085 0.05                
   12.324551383342271   0.75                 0.2929281209015345   0.75                 0.2929281209015345   0.028280489016844844 0.0059337563173174025 0.004856077626563746 0.05                
   12.324551383342271   0.85                 0.3087428060292882   0.85                 0.3087428060292882   0.013527604497350576 0.0028383300678238455 0.001965443550354849 0.05                
   12.324551383342271   0.95                 0.32561750731074834  0.95                 0.32561750731074834  0.005608222972136904 0.001176707140234942 0.000889494136394867 0.05                
   12.324551383342271   0.05                 0.2667798561692587   0.05                 0.2667798561692587   0.09313716018133807  0.024009639746042203 0.010986980116269583 0.05                
   12.324551383342271   0.15                 0.26978472093613204  0.15                 0.26978472093613204  0.13783546836680907  0.030601567363425272 0.020015765301693952 0.05                
   12.324551383342271   0.25                 0.27569621621701507  0.25                 0.27569621621701507  0.10630192914022894  0.024888178175883145 0.01824381009987987  0.05                
   12.324551383342271   0.35                 0.2843331067868599   0.35                 0.2843331067868599   0.06593014773517297  0.014637505073283758 0.010451401657928527 0.05                
   12.324551383342271   0.45                 0.2954564800214288   0.45                 0.2954564800214288   0.06190301910318945  0.012981801162866917 0.010623947483025751 0.05                
   12.324551383342271   0.55                 0.30879775185569963  0.55                 0.30879775185569963  0.04397775410118186  0.009222655725197957 0.0069714481687281026 0.05                
   12.324551383342271   0.65                 0.32408313055219606  0.65                 0.32408313055219606  0.021487227328128633 0.0047705046201554635 0.0034062099823240475 0.05                
   12.324551383342271   0.75                 0.3410513208577055   0.75                 0.3410513208577055   0.015426268823847827 0.0036117094134537585 0.0024454118008536306 0.05                
   12.324551383342271   0.85                 0.359464094732639    0.85                 0.359464094732639    0.006718306867638091 0.0016530443277632048 0.0008847792327014511 0.05                
   12.324551383342271   0.95                 0.3791110277188229   0.95                 0.3791110277188229   0.005219472094416994 0.001222020713618096 0.0010293544934932399 0.05                
   12.324551383342271   0.05                 0.31512997783811003  0.05                 0.31512997783811003  0.06809515231929601  0.01677134257700249  0.009898830425979235 0.05                
   12.324551383342271   0.15                 0.3186794323621073   0.15                 0.3186794323621073   0.06816160837154403  0.015148032431184195 0.009908463094422044 0.05                
   12.324551383342271   0.25                 0.3256623035713671   0.25                 0.3256623035713671   0.06760765871863524  0.01419244893207445  0.010728497408701593 0.05                
   12.324551383342271   0.35                 0.33586450988839345  0.35                 0.33586450988839345  0.0556246052229754   0.012361854737574306 0.008826928778276831 0.05                
   12.324551383342271   0.45                 0.34900383911372573  0.45                 0.34900383911372573  0.02576294547232442  0.005085970259480188 0.003745088161794937 0.05                
   12.324551383342271   0.55                 0.36476303007302596  0.55                 0.36476303007302596  0.01539584325052     0.0030393682709866925 0.002443128403010983 0.05                
   12.324551383342271   0.65                 0.38281867010162685  0.65                 0.38281867010162685  0.018992519279822435 0.0035080587580501458 0.0027608859967068206 0.05                
   12.324551383342271   0.75                 0.4028621078323058   0.75                 0.4028621078323058   0.00811785299098488  0.0028060081191385398 0.0010702313805507242 0.05                
   12.324551383342271   0.85                 0.4246119397216541   0.85                 0.4246119397216541   0.004332891038250214 0.0014072112751532149 0.000687575607582428 0.05                
   12.324551383342271   0.05                 0.37612737201400553  0.05                 0.37612737201400553  0.041513138376929645 0.011181257242924098 0.008186986819251223 0.05                
   12.324551383342271   0.15                 0.38036386836815494  0.15                 0.38036386836815494  0.08541291584763602  0.018963008647925408 0.014658829611788328 0.05                
   12.324551383342271   0.25                 0.388698362645943    0.25                 0.388698362645943    0.036861743763462435 0.008183861390707042 0.0058434037593253305 0.05                
   12.324551383342271   0.35                 0.40087533507202905  0.35                 0.40087533507202905  0.018643739378281062 0.004806113791008684 0.0034401166425219757 0.05                
   12.324551383342271   0.45                 0.41655794770525156  0.45                 0.41655794770525156  0.013197813854436108 0.0027677406107915986 0.0019165225502561297 0.05                
   12.324551383342271   0.55                 0.4353675294570502   0.55                 0.4353675294570502   0.012051767894121547 0.002965350220698537 0.0020683655471060705 0.05                
   12.324551383342271   0.65                 0.4569180670497555   0.65                 0.4569180670497555   0.005530233565283555 0.0017944167151255877 0.0008030726661616239 0.05                
   12.324551383342271   0.75                 0.4808411657390193   0.75                 0.4808411657390193   0.006984559578245834 0.0017185543250474837 0.0010142585365446452 0.05                
#
#End Tab 1
#
#
#
# Tab 1
#*  sqrt(s)              pT                   xR                   pT                   xR                   inv CS               CS_stat              CS_sys               err_scale           
   17.27020308410287    0.55                 -0.12964152326314604 0.55                 -0.12964152326314604 0.24191610472442307  0.0167997294947516   0.02419161047244231  0.05                
   17.27020308410287    0.6500000000000001   -0.1360587324751932  0.6500000000000001   -0.1360587324751932  0.1847970244422676   0.01542706465430116  0.01847970244422676  0.05                
   17.27020308410287    0.7500000000000001   -0.14318243083441293 0.7500000000000001   -0.14318243083441293 0.10595029401356675  0.029681376946192516 0.010595029401356676 0.05                
   17.27020308410287    0.8500000000000001   -0.15091260386288013 0.8500000000000001   -0.15091260386288013 0.08478922297939338  0.019713813945518164 0.008478922297939338 0.05                
   17.27020308410287    0.9500000000000001   -0.15916090976689476 0.9500000000000001   -0.15916090976689476 0.05770854447495374  0.016210265301953297 0.005770854447495374 0.05                
   17.27020308410287    0.05                 0.11200129120715727  0.05                 0.11200129120715727  0.6899088912511324   0.12319801629484507  0.06899088912511324  0.05                
   17.27020308410287    0.15000000000000002  0.11326281349233003  0.15000000000000002  0.11326281349233003  0.6159900814742254   0.06104900599241441  0.06159900814742254  0.05                
   17.27020308410287    0.25                 0.11574461670615234  0.25                 0.11574461670615234  0.5469991923491121   0.08190583641469838  0.054699919234911215 0.05                
   17.27020308410287    0.35000000000000003  0.11937061347265417  0.35000000000000003  0.11937061347265417  0.44527283032279713  0.032452273950874785 0.044527283032279714 0.05                
   17.27020308410287    0.45                 0.12404050190703587  0.45                 0.12404050190703587  0.3956025189912247   0.03497983818934464  0.039560251899122476 0.05                
   17.27020308410287    0.55                 0.12964152326314604  0.55                 0.12964152326314604  0.22063644736440435  0.0518830965928335   0.022063644736440437 0.05                
   17.27020308410287    0.6500000000000001   0.1360587324751932   0.6500000000000001   0.1360587324751932   0.16110509823172045  0.018691113010548207 0.016110509823172046 0.05                
   17.27020308410287    0.7500000000000001   0.14318243083441293  0.7500000000000001   0.14318243083441293  0.10430765379630214  0.012319801629484504 0.010430765379630214 0.05                
   17.27020308410287    0.8500000000000001   0.15091260386288013  0.8500000000000001   0.15091260386288013  0.07464350399040613  0.009280614166366701 0.007464350399040614 0.05                
   17.27020308410287    0.05                 0.11649629628650722  0.05                 0.11649629628650722  0.6529494863626789   0.10453698330097887  0.06529494863626789  0.05                
   17.27020308410287    0.15000000000000002  0.11780844789048912  0.15000000000000002  0.11780844789048912  0.5790306765857718   0.0718361706555609   0.05790306765857718  0.05                
   17.27020308410287    0.25                 0.12038985458148428  0.25                 0.12038985458148428  0.5519271130009059   0.07280158463707731  0.0551927113000906   0.05                
   17.27020308410287    0.35000000000000003  0.12416137532996399  0.35000000000000003  0.12416137532996399  0.45055274530686196  0.04198187277327576  0.045055274530686196 0.05                
   17.27020308410287    0.45                 0.12901868278430786  0.45                 0.12901868278430786  0.3148393749757152   0.030761456493932006 0.03148393749757152  0.05                
   17.27020308410287    0.55                 0.1348444927939586   0.55                 0.1348444927939586   0.26655570798339207  0.023305315035647606 0.026655570798339207 0.05                
   17.27020308410287    0.6500000000000001   0.14151924714403502  0.6500000000000001   0.14151924714403502  0.16300045232856422  0.01630445243727192  0.016300045232856424 0.05                
   17.27020308410287    0.7500000000000001   0.1489288445314117   0.7500000000000001   0.1489288445314117   0.09773709292724375  0.01876496278388129  0.009773709292724376 0.05                
   17.27020308410287    0.8500000000000001   0.15696925654598973  0.8500000000000001   0.15696925654598973  0.06884595028241342  0.009856906972759082 0.006884595028241342 0.05                
   17.27020308410287    0.9500000000000001   0.16554859592769888  0.9500000000000001   0.16554859592769888  0.049279206517938025 0.019343948057504404 0.004927920651793803 0.05                
   17.27020308410287    0.05                 0.12566670678207476  0.05                 0.12566670678207476  0.6406296847331944   0.09622072668391564  0.06406296847331944  0.05                
   17.27020308410287    0.15000000000000002  0.1270821489560104   0.15000000000000002  0.1270821489560104   0.5667108749562874   0.07899203863557965  0.05667108749562874  0.05                
   17.27020308410287    0.25                 0.12986676003862166  0.25                 0.12986676003862166  0.49771998583117405  0.0519773000162505   0.049771998583117406 0.05                
   17.27020308410287    0.35000000000000003  0.1339351691394233   0.35000000000000003  0.1339351691394233   0.35551427559369575  0.040172100139405656 0.035551427559369575 0.05                
   17.27020308410287    0.45                 0.1391748364170354   0.45                 0.1391748364170354   0.3025195733462307   0.02961311765243413  0.030251957334623072 0.05                
   17.27020308410287    0.55                 0.14545924529172036  0.55                 0.14545924529172036  0.2340762309602056   0.029568372369775883 0.023407623096020562 0.05                
   17.27020308410287    0.6500000000000001   0.1526594261085468   0.6500000000000001   0.1526594261085468   0.15541903594118917  0.01788073478819031  0.015541903594118917 0.05                
   17.27020308410287    0.7500000000000001   0.16065229568409684  0.7500000000000001   0.16065229568409684  0.09527313260134683  0.019226610804361437 0.009527313260134684 0.05                
   17.27020308410287    0.8500000000000001   0.1693256366507322   0.8500000000000001   0.1693256366507322   0.06594717342841708  0.013323341008948287 0.006594717342841708 0.05                
   17.27020308410287    0.9500000000000001   0.1785803285236275   0.9500000000000001   0.1785803285236275   0.039553047336766047 0.006484106120781319 0.0039553047336766045 0.05                
   17.27020308410287    0.05                 0.13988056346654218  0.05                 0.13988056346654218  0.6283098831037099   0.10453698330097887  0.062830988310371    0.05                
   17.27020308410287    0.15000000000000002  0.14145610287482616  0.15000000000000002  0.14145610287482616  0.5297514700678339   0.04441967647865119  0.05297514700678339  0.05                
   17.27020308410287    0.25                 0.1445556745692314   0.25                 0.1445556745692314   0.4164092950765763   0.05954429178985065  0.04164092950765763  0.05                
   17.27020308410287    0.35000000000000003  0.14908425156472338  0.35000000000000003  0.14908425156472338  0.3414345023028563   0.03133540455875527  0.03414345023028564  0.05                
   17.27020308410287    0.45                 0.15491656491117398  0.45                 0.15491656491117398  0.2806177037827027   0.025462395224894657 0.02806177037827027  0.05                
   17.27020308410287    0.55                 0.1619117880450905   0.55                 0.1619117880450905   0.17471718674541664  0.020190762035750546 0.017471718674541666 0.05                
   17.27020308410287    0.6500000000000001   0.16992636386639565  0.6500000000000001   0.16992636386639565  0.1383608490695952   0.01274969072750851  0.01383608490695952  0.05                
   17.27020308410287    0.7500000000000001   0.1788232875510546   0.7500000000000001   0.1788232875510546   0.08788125162365613  0.014692220753514684 0.008788125162365613 0.05                
   17.27020308410287    0.8500000000000001   0.18847764909690398  0.8500000000000001   0.18847764909690398  0.06159900814742254  0.015355995073016243 0.006159900814742255 0.05                
   17.27020308410287    0.9500000000000001   0.198779116741272    0.9500000000000001   0.198779116741272    0.04149827917300044  0.013539211067451987 0.004149827917300044 0.05                
   17.27020308410287    0.05                 0.1597083183168931   0.05                 0.1597083183168931   0.5420712716973184   0.12684012098750144  0.05420712716973184  0.05                
   17.27020308410287    0.15000000000000002  0.16150718688807392  0.15000000000000002  0.16150718688807392  0.42297985594563475  0.06981220923374554  0.04229798559456348  0.05                
   17.27020308410287    0.25                 0.165046115889704    0.25                 0.165046115889704    0.35727424725505075  0.03895863347062485  0.03572742472550507  0.05                
   17.27020308410287    0.35000000000000003  0.17021660847562775  0.35000000000000003  0.17021660847562775  0.25343591923510983  0.02929176623063149  0.025343591923510985 0.05                
   17.27020308410287    0.45                 0.176875639104151    0.45                 0.176875639104151    0.1971168260717521   0.035086810421294884 0.01971168260717521  0.05                
   17.27020308410287    0.55                 0.18486241936355743  0.55                 0.18486241936355743  0.15231754741908118  0.019591682906062065 0.015231754741908118 0.05                
   17.27020308410287    0.6500000000000001   0.1940130432581348   0.6500000000000001   0.1940130432581348   0.11466892285904808  0.017397038040758334 0.011466892285904808 0.05                
   17.27020308410287    0.7500000000000001   0.2041710858385858   0.7500000000000001   0.2041710858385858   0.08377465108049464  0.021558675067391318 0.008377465108049464 0.05                
   17.27020308410287    0.8500000000000001   0.21519393139124673  0.8500000000000001   0.21519393139124673  0.03768409910195261  0.0052258442916060235 0.0037684099101952615 0.05                
   17.27020308410287    0.05                 0.18594572875524135  0.05                 0.18594572875524135  0.36959404888453523  0.0888393529573024   0.03695940488845353  0.05                
   17.27020308410287    0.15000000000000002  0.18804012140133644  0.15000000000000002  0.18804012140133644  0.27924883693498215  0.03786098627602059  0.027924883693498215 0.05                
   17.27020308410287    0.25                 0.1921604373570493   0.25                 0.1921604373570493   0.29813919943352507  0.031361094990293666 0.02981391994335251  0.05                
   17.27020308410287    0.35000000000000003  0.1981803555557088   0.35000000000000003  0.1981803555557088   0.21999645766936618  0.03700128524737234  0.02199964576693662  0.05                
   17.27020308410287    0.45                 0.20593335374686977  0.45                 0.20593335374686977  0.1533130869446961   0.018618602059656042 0.015331308694469609 0.05                
   17.27020308410287    0.55                 0.21523222866706368  0.55                 0.21523222866706368  0.11087821466536057  0.015233401685173127 0.011087821466536057 0.05                
   17.27020308410287    0.6500000000000001   0.22588614730182227  0.6500000000000001   0.22588614730182227  0.08150022616428211  0.014833492106913862 0.008150022616428212 0.05                
   17.27020308410287    0.7500000000000001   0.23771298669412547  0.7500000000000001   0.23771298669412547  0.04435128586614422  0.006969132220065257 0.004435128586614423 0.05                
   17.27020308410287    0.05                 0.21964579418827435  0.05                 0.21964579418827435  0.3079950407371127   0.06969132220065259  0.03079950407371127  0.05                
   17.27020308410287    0.15000000000000002  0.22211976624008292  0.15000000000000002  0.22211976624008292  0.1601574211832986   0.02629507347137232  0.01601574211832986  0.05                
   17.27020308410287    0.25                 0.2269868318965919   0.25                 0.2269868318965919   0.21190058802713352  0.03637993823930278  0.021190058802713352 0.05                
   17.27020308410287    0.35000000000000003  0.23409777616266578  0.35000000000000003  0.23409777616266578  0.16895727949007322  0.019911806343043594 0.016895727949007323 0.05                
   17.27020308410287    0.45                 0.2432558969564987   0.45                 0.2432558969564987   0.11087821466536056  0.013551090427904668 0.011087821466536057 0.05                
   17.27020308410287    0.55                 0.254240063038592    0.55                 0.254240063038592    0.09743843106955928  0.009634449167478864 0.009743843106955929 0.05                
   17.27020308410287    0.6500000000000001   0.26682485557679025  0.6500000000000001   0.26682485557679025  0.05306991471162556  0.012714421805926166 0.0053069914711625565 0.05                
   17.27020308410287    0.7500000000000001   0.2807951443726085   0.7500000000000001   0.2807951443726085   0.038602045105718116 0.015343525852113554 0.0038602045105718117 0.05                
   17.27020308410287    0.8500000000000001   0.29595479097802146  0.8500000000000001   0.29595479097802146  0.02174082640497266  0.002898776853996355 0.0021740826404972663 0.05                
   17.27020308410287    0.9500000000000001   0.31213054825249975  0.9500000000000001   0.31213054825249975  0.014265033465718903 0.002899780411877898 0.0014265033465718903 0.05                
   17.27020308410287    0.05                 0.2621610165707751   0.05                 0.2621610165707751   0.1355178179243296   0.0444196764786512   0.01355178179243296  0.05                
   17.27020308410287    0.15000000000000002  0.2651138572134414   0.15000000000000002  0.2651138572134414   0.10677161412219906  0.018365275941893362 0.010677161412219907 0.05                
   17.27020308410287    0.25                 0.27092300500496885  0.25                 0.27092300500496885  0.11827009564305126  0.01924414533678313  0.011827009564305126 0.05                
   17.27020308410287    0.35000000000000003  0.2794103625000734   0.35000000000000003  0.2794103625000734   0.0950384697131662   0.017599716613549293 0.00950384697131662  0.05                
   17.27020308410287    0.45                 0.29034115344037803  0.45                 0.29034115344037803  0.060230141299702035 0.020349668664138135 0.006023014129970204 0.05                
   17.27020308410287    0.55                 0.3034514438372679   0.55                 0.3034514438372679   0.06831889994532318  0.019138260229797213 0.006831889994532318 0.05                
   17.27020308410287    0.6500000000000001   0.3184721821916675   0.6500000000000001   0.3184721821916675   0.03885475898529729  0.00670108867313967  0.003885475898529729 0.05                
   17.27020308410287    0.9500000000000001   0.3725473648838803   0.9500000000000001   0.3725473648838803   0.0058356955087031865 0.0012968212241562637 0.0005835695508703187 0.05                
   17.27020308410287    0.05                 0.31519768105802465  0.05                 0.31519768105802465  0.08623861140639155  0.02754791391284004  0.008623861140639155 0.05                
   17.27020308410287    0.15000000000000002  0.31874789815466525  0.15000000000000002  0.31874789815466525  0.07802541032006854  0.014806558826217066 0.007802541032006855 0.05                
   17.27020308410287    0.25                 0.3257322695793865   0.25                 0.3257322695793865   0.07884673042870086  0.03116690677649988  0.007884673042870086 0.05                
   17.27020308410287    0.35000000000000003  0.3359366677609338   0.35000000000000003  0.3359366677609338   0.042239319872518305 0.007039886645419718 0.004223931987251831 0.05                
   17.27020308410287    0.45                 0.34907881986875466  0.45                 0.34907881986875466  0.04654147282249702  0.009679350305646192 0.004654147282249703 0.05                
   17.27020308410287    0.55                 0.36484139656742026  0.55                 0.36484139656742026  0.0335994589895032   0.008076304814300219 0.00335994589895032  0.05                
   17.27020308410287    0.05                 0.3808843352202556   0.05                 0.3808843352202556   0.03695940488845352  0.012319801629484508 0.003695940488845352 0.05                
   17.27020308410287    0.15000000000000002  0.3851744114486165   0.15000000000000002  0.3851744114486165   0.05749240760426103  0.017422830550163144 0.005749240760426103 0.05                
   17.27020308410287    0.25                 0.3936143138555971   0.25                 0.3936143138555971   0.03695940488845352  0.0073918809776907035 0.003695940488845352 0.05                
   17.27020308410287    0.35000000000000003  0.40594529105268484  0.35000000000000003  0.40594529105268484  0.021119659936259152 0.005279914984064788 0.0021119659936259154 0.05                
   17.27020308410287    0.45                 0.42182624503733457  0.45                 0.42182624503733457  0.012319801629484506 0.0027377336954410017 0.0012319801629484507 0.05                
   17.27020308410287    0.7500000000000001   0.48692246665903216  0.7500000000000001   0.48692246665903216  0.005749240760426102 0.0016426402172646007 0.0005749240760426102 0.05                
#
#End Tab 1
#