# Capiluppi et al, doi 10.1016/0550-3213(74)90484-2
# p + p -> pbar + X 
 #
#
#
# Tab 1
#*  sqrt(s)              pT                   xR                   pT                   xR                   inv CS               CS_stat              CS_sys               err_scale           
   23.3                 0.19                 0.1822318359834744   0.19                 0.1822318359834744   0.48                 0.11                 0                    0.1                 
   30.6                 0.18                 0.1274463767377512   0.18                 0.1274463767377512   1.03                 0.15                 0                    0.1                 
   30.6                 0.19                 0.13635841937582663  0.19                 0.13635841937582663  0.854                0.15                 0                    0.1                 
   30.6                 0.2                  0.15456276198131982  0.2                  0.15456276198131982  0.502                0.073                0                    0.1                 
   30.6                 0.2                  0.18256818381784504  0.2                  0.18256818381784504  0.396                0.047                0                    0.1                 
   44.6                 0.18                 0.08407989478008195  0.18                 0.08407989478008195  1.06                 0.13                 0                    0.1                 
   44.6                 0.19                 0.09288641054496406  0.19                 0.09288641054496406  0.985                0.13                 0                    0.1                 
   44.6                 0.2                  0.10557236454052443  0.2                  0.10557236454052443  0.683                0.099                0                    0.1                 
   44.6                 0.2                  0.11853292942087595  0.2                  0.11853292942087595  0.722                0.097                0                    0.1                 
   44.6                 0.21                 0.12796379348218198  0.21                 0.12796379348218198  0.693                0.082                0                    0.1                 
   53.0                 0.18                 0.06261302805926522  0.18                 0.06261302805926522  1.13                 0.14                 0                    0.1                 
   53.0                 0.18                 0.07103540449697589  0.18                 0.07103540449697589  1.23                 0.14                 0                    0.1                 
   53.0                 0.19                 0.07986218179077233  0.19                 0.07986218179077233  1.18                 0.14                 0                    0.1                 
   53.0                 0.2                  0.08894492892411225  0.2                  0.08894492892411225  0.949                0.1                  0                    0.1                 
   53.0                 0.2                  0.09911497840246915  0.2                  0.09911497840246915  0.883                0.14                 0                    0.1                 
   53.0                 0.21                 0.10570419274849253  0.21                 0.10570419274849253  0.833                0.11                 0                    0.1                 
   23.3                 0.41                 0.28767739230296435  0.41                 0.28767739230296435  0.0693               0.0166               0                    0.1                 
   23.3                 0.41                 0.2973277807318449   0.41                 0.2973277807318449   0.0846               0.0222               0                    0.1                 
   30.6                 0.4                  0.15623722354725467  0.4                  0.15623722354725467  0.308                0.15                 0                    0.1                 
   30.6                 0.4                  0.18398794627096404  0.4                  0.18398794627096404  0.274                0.15                 0                    0.1                 
   30.6                 0.41                 0.22207645639600287  0.41                 0.22207645639600287  0.176                0.073                0                    0.1                 
   30.6                 0.43                 0.2901941887154239   0.43                 0.2901941887154239   0.066                0.047                0                    0.1                 
   30.6                 0.39                 0.31943655710116786  0.39                 0.31943655710116786  0.0643               0.15                 0                    0.1                 
   30.6                 0.44                 0.34930842418974206  0.44                 0.34930842418974206  0.0339               0.15                 0                    0.1                 
   30.6                 0.44                 0.3591954271561404   0.44                 0.3591954271561404   0.0282               0.073                0                    0.1                 
   44.6                 0.39                 0.09414249925198422  0.39                 0.09414249925198422  0.422                0.11                 0                    0.1                 
   44.6                 0.4                  0.10671714911311782  0.4                  0.10671714911311782  0.387                0.052                0                    0.1                 
   44.6                 0.41                 0.12894130083559868  0.41                 0.12894130083559868  0.417                0.055                0                    0.1                 
   44.6                 0.41                 0.14786100862886908  0.41                 0.14786100862886908  0.386                0.045                0                    0.1                 
   44.6                 0.41                 0.14786100862886908  0.41                 0.14786100862886908  0.275                0.04                 0                    0.1                 
   44.6                 0.42                 0.16709997357223202  0.42                 0.16709997357223202  0.294                0.041                0                    0.1                 
   44.6                 0.43                 0.19625077073958463  0.43                 0.19625077073958463  0.174                0.025                0                    0.1                 
   44.6                 0.44                 0.24532640080376641  0.44                 0.24532640080376641  0.0907               0.019                0                    0.1                 
   53.0                 0.38                 0.06549601786456284  0.38                 0.06549601786456284  0.472                0.12                 0                    0.1                 
   53.0                 0.39                 0.07223114815735561  0.39                 0.07223114815735561  0.621                0.1                  0                    0.1                 
   53.0                 0.39                 0.07913642335445636  0.39                 0.07913642335445636  0.538                0.1                  0                    0.1                 
   53.0                 0.4                  0.09081167461475884  0.4                  0.09081167461475884  0.568                0.053                0                    0.1                 
   53.0                 0.41                 0.10747484393767724  0.41                 0.10747484393767724  0.565                0.062                0                    0.1                 
   53.0                 0.41                 0.126384291130385    0.41                 0.126384291130385    0.55                 0.073                0                    0.1                 
   53.0                 0.41                 0.126384291130385    0.41                 0.126384291130385    0.444                0.047                0                    0.1                 
   53.0                 0.43                 0.16508605833444862  0.43                 0.16508605833444862  0.353                0.032                0                    0.1                 
   53.0                 0.44                 0.2042996298114555   0.44                 0.2042996298114555   0.181                0.019                0                    0.1                 
   62.7                 0.44                 0.11506572542594495  0.44                 0.11506572542594495  0.605                0.074                0                    0.1                 
   30.6                 0.84                 0.34268777087780544  0.84                 0.34268777087780544  0.0145               0.0045               0                    0.1                 
   30.6                 0.85                 0.4214367050793811   0.85                 0.4214367050793811   0.00796              0.0027               0                    0.1                 
   30.6                 0.85                 0.43131795266722484  0.85                 0.43131795266722484  0.00434              0.0018               0                    0.1                 
   44.6                 0.82                 0.17007912171440684  0.82                 0.17007912171440684  0.0638               0.015                0                    0.1                 
   44.6                 0.83                 0.19883428579731408  0.83                 0.19883428579731408  0.0443               0.0057               0                    0.1                 
   44.6                 0.84                 0.24743070310961984  0.84                 0.24743070310961984  0.0242               0.0044               0                    0.1                 
   44.6                 0.85                 0.2867128427808733   0.85                 0.2867128427808733   0.0178               0.0026               0                    0.1                 
   44.6                 0.85                 0.2965549401513527   0.85                 0.2965549401513527   0.0161               0.0026               0                    0.1                 
   44.6                 0.86                 0.33608929610175775  0.86                 0.33608929610175775  0.0125               0.0019               0                    0.1                 
   44.6                 0.88                 0.3857190907948531   0.88                 0.3857190907948531   0.00633              0.0013               0                    0.1                 
   53.0                 0.81                 0.1291177602879192   0.81                 0.1291177602879192   0.0987               0.014                0                    0.1                 
   53.0                 0.82                 0.148057075635605    0.82                 0.148057075635605    0.0728               0.011                0                    0.1                 
   53.0                 0.83                 0.16725642655234887  0.83                 0.16725642655234887  0.0661               0.0069               0                    0.1                 
   53.0                 0.84                 0.18663558008496292  0.84                 0.18663558008496292  0.0575               0.009                0                    0.1                 
   53.0                 0.84                 0.20608516104383376  0.84                 0.20608516104383376  0.0414               0.0071               0                    0.1                 
   53.0                 0.85                 0.2453240063628968   0.85                 0.2453240063628968   0.0421               0.0056               0                    0.1                 
   53.0                 0.85                 0.2551637352047196   0.85                 0.2551637352047196   0.0275               0.0042               0                    0.1                 
   53.0                 0.87                 0.2947312083847206   0.87                 0.2947312083847206   0.0194               0.0023               0                    0.1                 
   53.0                 0.88                 0.3343895316496152   0.88                 0.3343895316496152   0.013                0.0016               0                    0.1                 
   62.7                 0.85                 0.2044026234092792   0.85                 0.2044026234092792   0.0671               0.0083               0                    0.1                 
   44.6                 1.26                 0.33863460690336555  1.26                 0.33863460690336555  0.00192              0.00054              0                    0.1                 
   44.6                 1.28                 0.42750065561109735  1.28                 0.42750065561109735  0.00059              0.00018              0                    0.1                 
   53.0                 1.25                 0.25750865559831465  1.25                 0.25750865559831465  0.00409              0.00085              0                    0.1                 
   53.0                 1.26                 0.29674121947455456  1.26                 0.29674121947455456  0.00278              0.00056              0                    0.1                 
   53.0                 1.28                 0.33623337535914355  1.28                 0.33623337535914355  0.00249              0.00041              0                    0.1                 
   53.0                 1.29                 0.3758065975965843   1.29                 0.3758065975965843   0.00152              0.00029              0                    0.1                 
#
#End Tab 1
#