# Dekkers et al, doi: doi.org/10.1103/PhysRev.137.B962
# p + p -> pbar + X 
#
#
#
# Tab 1
#*  sqrt(s)              pT                   xR                   theta_LAB            xR                   inv CS               CS_stat              CS_sys               err_scale           
   6.089634532498328    0.0                  0.39893903458122815  0.0                  0.39893903458122815  0.03954499451216246  0.011812141217918657 0                    0.1                 
   6.089634532498328    0.0                  0.48008312834160577  0.0                  0.48008312834160577  0.012989300613124687 0.003711228746607053 0                    0.1                 
   6.089634532498328    0.3993336665873126   0.4239507926988386   0.1                  0.4239507926988386   0.016177497754975553 0.0051357135730081115 0                    0.1                 
   6.089634532498328    0.5990004998809689   0.5176007655180207   0.1                  0.5176007655180207   0.005398150904155714 0.0013495377260389285 0                    0.1                 
   6.089634532498328    0.7986673331746252   0.6343609476543228   0.1                  0.6343609476543228   0.0006796266382912074 0.00018878517730311315 0                    0.1                 
   6.718974811241778    0.0                  0.33810498146479634  0.0                  0.33810498146479634  0.07215677570076398  0.014123212325772306 0                    0.1                 
   6.718974811241778    0.0                  0.39358633520075775  0.0                  0.39358633520075775  0.04908943478466602  0.007085073061704375 0                    0.1                 
   6.718974811241778    0.0                  0.47124933570428945  0.0                  0.47124933570428945  0.01724237952701767  0.0022654221276373577 0                    0.1                 
   6.718974811241778    0.0                  0.5579698080127509   0.0                  0.5579698080127509   0.006327670400745705 0.0012052705525229916 0                    0.1                 
   6.718974811241778    0.0                  0.6492580952865797   0.0                  0.6492580952865797   0.0020896919348092954 0.0005015260643542309 0                    0.1                 
#
#End Tab 1
#