# veronin et al, 
# http://hepdata.cedar.ac.uk/view/ins270428 
# p + Be -> pbar + X 
#
#
#
# Tab 1
#*  sqrt(s)              pT                   xR                   theta_LAB            p                    inv CS               CS_stat              CS_sys               err_scale           
   4.56019875866        0.0763106744188      0.686261751884       0.06108652382        1.25                 0.0181               0.001267             0                    0.25                
   4.56019875866        0.0915728093026      0.652241913884       0.06108652382        1.5                  0.0212               0.001484             0                    0.25                
   4.56019875866        0.106834944186       0.63444117205        0.06108652382        1.75                 0.0259               0.001813             0                    0.25                
   4.56019875866        0.12209707907        0.628096841495       0.06108652382        2.0                  0.021                0.00147              0                    0.25                
   4.56019875866        0.137359213954       0.630059312431       0.06108652382        2.25                 0.018                0.00126              0                    0.25                
   4.56019875866        0.152621348838       0.638195280212       0.06108652382        2.5                  0.016                0.00112              0                    0.25                
   4.56019875866        0.167883483721       0.651023196029       0.06108652382        2.75                 0.0143               0.001001             0                    0.25                
   4.56019875866        0.183145618605       0.667489098017       0.06108652382        3.0                  0.0117               0.000819             0                    0.25                
   4.56019875866        0.198407753489       0.686826310724       0.06108652382        3.25                 0.00887              0.0006209            0                    0.25                
   4.56019875866        0.213669888373       0.708465702303       0.06108652382        3.5                  0.00671              0.0004697            0                    0.25                
   4.56019875866        0.228932023256       0.731976961359       0.06108652382        3.75                 0.00525              0.0003675            0                    0.25                
   4.56019875866        0.24419415814        0.757029308566       0.06108652382        4.0                  0.0038               0.000266             0                    0.25                
   4.56019875866        0.274718427908       0.810778881967       0.06108652382        4.5                  0.00184              0.0001288            0                    0.25                
   4.56019875866        0.305242697675       0.868221527761       0.06108652382        5.0                  0.000324             2.268e-05            0                    0.25                
#
#End Tab 1
#