# Capiluppi et al, doi 10.1016/0550-3213(74)90484-2
# p + p -> pbar + X 
 #
#
#
# Tab 1
#*  sqrt(s)              pT                   xR                   pT                   xR                   inv CS               CS_stat              CS_sys               err_scale           
   23.3                 0.19                 0.182231835983       0.19                 0.182231835983       0.48                 0.11                 0                    0.1                 
   30.6                 0.18                 0.127446376738       0.18                 0.127446376738       1.03                 0.15                 0                    0.1                 
   30.6                 0.19                 0.136358419376       0.19                 0.136358419376       0.854                0.15                 0                    0.1                 
   30.6                 0.2                  0.154562761981       0.2                  0.154562761981       0.502                0.073                0                    0.1                 
   30.6                 0.2                  0.182568183818       0.2                  0.182568183818       0.396                0.047                0                    0.1                 
   44.6                 0.18                 0.0840798947801      0.18                 0.0840798947801      1.06                 0.13                 0                    0.1                 
   44.6                 0.19                 0.092886410545       0.19                 0.092886410545       0.985                0.13                 0                    0.1                 
   44.6                 0.2                  0.105572364541       0.2                  0.105572364541       0.683                0.099                0                    0.1                 
   44.6                 0.2                  0.118532929421       0.2                  0.118532929421       0.722                0.097                0                    0.1                 
   44.6                 0.21                 0.127963793482       0.21                 0.127963793482       0.693                0.082                0                    0.1                 
   53.0                 0.18                 0.0626130280593      0.18                 0.0626130280593      1.13                 0.14                 0                    0.1                 
   53.0                 0.18                 0.071035404497       0.18                 0.071035404497       1.23                 0.14                 0                    0.1                 
   53.0                 0.19                 0.0798621817908      0.19                 0.0798621817908      1.18                 0.14                 0                    0.1                 
   53.0                 0.2                  0.0889449289241      0.2                  0.0889449289241      0.949                0.1                  0                    0.1                 
   53.0                 0.2                  0.0991149784025      0.2                  0.0991149784025      0.883                0.14                 0                    0.1                 
   53.0                 0.21                 0.105704192748       0.21                 0.105704192748       0.833                0.11                 0                    0.1                 
   23.3                 0.41                 0.287677392303       0.41                 0.287677392303       0.0693               0.0166               0                    0.1                 
   23.3                 0.41                 0.297327780732       0.41                 0.297327780732       0.0846               0.0222               0                    0.1                 
   30.6                 0.4                  0.156237223547       0.4                  0.156237223547       0.308                0.15                 0                    0.1                 
   30.6                 0.4                  0.183987946271       0.4                  0.183987946271       0.274                0.15                 0                    0.1                 
   30.6                 0.41                 0.222076456396       0.41                 0.222076456396       0.176                0.073                0                    0.1                 
   30.6                 0.43                 0.290194188715       0.43                 0.290194188715       0.066                0.047                0                    0.1                 
   30.6                 0.39                 0.319436557101       0.39                 0.319436557101       0.0643               0.15                 0                    0.1                 
   30.6                 0.44                 0.34930842419        0.44                 0.34930842419        0.0339               0.15                 0                    0.1                 
   30.6                 0.44                 0.359195427156       0.44                 0.359195427156       0.0282               0.073                0                    0.1                 
   44.6                 0.39                 0.094142499252       0.39                 0.094142499252       0.422                0.11                 0                    0.1                 
   44.6                 0.4                  0.106717149113       0.4                  0.106717149113       0.387                0.052                0                    0.1                 
   44.6                 0.41                 0.128941300836       0.41                 0.128941300836       0.417                0.055                0                    0.1                 
   44.6                 0.41                 0.147861008629       0.41                 0.147861008629       0.386                0.045                0                    0.1                 
   44.6                 0.41                 0.147861008629       0.41                 0.147861008629       0.275                0.04                 0                    0.1                 
   44.6                 0.42                 0.167099973572       0.42                 0.167099973572       0.294                0.041                0                    0.1                 
   44.6                 0.43                 0.19625077074        0.43                 0.19625077074        0.174                0.025                0                    0.1                 
   44.6                 0.44                 0.245326400804       0.44                 0.245326400804       0.0907               0.019                0                    0.1                 
   53.0                 0.38                 0.0654960178646      0.38                 0.0654960178646      0.472                0.12                 0                    0.1                 
   53.0                 0.39                 0.0722311481574      0.39                 0.0722311481574      0.621                0.1                  0                    0.1                 
   53.0                 0.39                 0.0791364233545      0.39                 0.0791364233545      0.538                0.1                  0                    0.1                 
   53.0                 0.4                  0.0908116746148      0.4                  0.0908116746148      0.568                0.053                0                    0.1                 
   53.0                 0.41                 0.107474843938       0.41                 0.107474843938       0.565                0.062                0                    0.1                 
   53.0                 0.41                 0.12638429113        0.41                 0.12638429113        0.55                 0.073                0                    0.1                 
   53.0                 0.41                 0.12638429113        0.41                 0.12638429113        0.444                0.047                0                    0.1                 
   53.0                 0.43                 0.165086058334       0.43                 0.165086058334       0.353                0.032                0                    0.1                 
   53.0                 0.44                 0.204299629811       0.44                 0.204299629811       0.181                0.019                0                    0.1                 
   62.7                 0.44                 0.115065725426       0.44                 0.115065725426       0.605                0.074                0                    0.1                 
   30.6                 0.84                 0.342687770878       0.84                 0.342687770878       0.0145               0.0045               0                    0.1                 
   30.6                 0.85                 0.421436705079       0.85                 0.421436705079       0.00796              0.0027               0                    0.1                 
   30.6                 0.85                 0.431317952667       0.85                 0.431317952667       0.00434              0.0018               0                    0.1                 
   44.6                 0.82                 0.170079121714       0.82                 0.170079121714       0.0638               0.015                0                    0.1                 
   44.6                 0.83                 0.198834285797       0.83                 0.198834285797       0.0443               0.0057               0                    0.1                 
   44.6                 0.84                 0.24743070311        0.84                 0.24743070311        0.0242               0.0044               0                    0.1                 
   44.6                 0.85                 0.286712842781       0.85                 0.286712842781       0.0178               0.0026               0                    0.1                 
   44.6                 0.85                 0.296554940151       0.85                 0.296554940151       0.0161               0.0026               0                    0.1                 
   44.6                 0.86                 0.336089296102       0.86                 0.336089296102       0.0125               0.0019               0                    0.1                 
   44.6                 0.88                 0.385719090795       0.88                 0.385719090795       0.00633              0.0013               0                    0.1                 
   53.0                 0.81                 0.129117760288       0.81                 0.129117760288       0.0987               0.014                0                    0.1                 
   53.0                 0.82                 0.148057075636       0.82                 0.148057075636       0.0728               0.011                0                    0.1                 
   53.0                 0.83                 0.167256426552       0.83                 0.167256426552       0.0661               0.0069               0                    0.1                 
   53.0                 0.84                 0.186635580085       0.84                 0.186635580085       0.0575               0.009                0                    0.1                 
   53.0                 0.84                 0.206085161044       0.84                 0.206085161044       0.0414               0.0071               0                    0.1                 
   53.0                 0.85                 0.245324006363       0.85                 0.245324006363       0.0421               0.0056               0                    0.1                 
   53.0                 0.85                 0.255163735205       0.85                 0.255163735205       0.0275               0.0042               0                    0.1                 
   53.0                 0.87                 0.294731208385       0.87                 0.294731208385       0.0194               0.0023               0                    0.1                 
   53.0                 0.88                 0.33438953165        0.88                 0.33438953165        0.013                0.0016               0                    0.1                 
   62.7                 0.85                 0.204402623409       0.85                 0.204402623409       0.0671               0.0083               0                    0.1                 
   44.6                 1.26                 0.338634606903       1.26                 0.338634606903       0.00192              0.00054              0                    0.1                 
   44.6                 1.28                 0.427500655611       1.28                 0.427500655611       0.00059              0.00018              0                    0.1                 
   53.0                 1.25                 0.257508655598       1.25                 0.257508655598       0.00409              0.00085              0                    0.1                 
   53.0                 1.26                 0.296741219475       1.26                 0.296741219475       0.00278              0.00056              0                    0.1                 
   53.0                 1.28                 0.336233375359       1.28                 0.336233375359       0.00249              0.00041              0                    0.1                 
   53.0                 1.29                 0.375806597597       1.29                 0.375806597597       0.00152              0.00029              0                    0.1                 
#
#End Tab 1
#