# Allaby et al, DOI:10.17182/hepdata.1345
# p + p -> pbar + X 
#
#
#
# Tab 1
#*  sqrt(s)              pT                   xR                   p_pbar_LAB           theta_LAB            inv CS               CS_stat              CS_sys               err_scale           
   6.15                 0.0562485351677      0.408235656091       4.5                  0.0125               0.0565233262633      0.0016956997879      0                    0.15                
   6.15                 0.08999400012        0.408919636036       4.5                  0.02                 0.0510752948162      0.00153225884449     0                    0.15                
   6.15                 0.134979750911       0.410322584862       4.5                  0.03                 0.0544803144706      0.00163440943412     0                    0.15                
   6.15                 0.17995200384        0.412286516803       4.5                  0.04                 0.0494862856441      0.00148458856932     0                    0.15                
   6.15                 0.224906261718       0.414811235467       4.5                  0.05                 0.0463082673         0.001389248019       0                    0.15                
   6.15                 0.269838029158       0.417896488386       4.5                  0.06                 0.0435842515765      0.00130752754729     0                    0.15                
   6.15                 0.314742813019       0.421541967035       4.5                  0.07                 0.0376822175088      0.00150728870035     0                    0.15                
#
#End Tab 1
#
#
#
# Tab 2
#*  sqrt(s)              pT                   xR                   p_pbar_LAB           theta_LAB            inv CS               CS_stat              CS_sys               err_scale           
   6.15                 0.0749980468903      0.470822006631       6.0                  0.0125               0.0266533700893      0.000799601102678    0                    0.15                
   6.15                 0.11999200016        0.471733979891       6.0                  0.02                 0.0251351401475      0.000754054204424    0                    0.15                
   6.15                 0.179973001215       0.473604578326       6.0                  0.03                 0.0229421413427      0.00068826424028     0                    0.15                
   6.15                 0.23993600512        0.476223154247       6.0                  0.04                 0.0209178347536      0.000627535042608    0                    0.15                
   6.15                 0.299875015624       0.4795894458         6.0                  0.05                 0.0180500670858      0.000541502012573    0                    0.15                
   6.15                 0.359784038877       0.483703116358       6.0                  0.06                 0.015536553071       0.000466096592131    0                    0.15                
   6.15                 0.419657084025       0.488563754558       6.0                  0.07                 0.0126687854032      0.000380063562096    0                    0.15                
#
#End Tab 2
#
#
#
# Tab 3
#*  sqrt(s)              pT                   xR                   p_pbar_LAB           theta_LAB            inv CS               CS_stat              CS_sys               err_scale           
   6.15                 0.0999973958537      0.572243533464       8.0                  0.0125               0.0069976372387      0.000209929117161    0                    0.15                
   6.15                 0.159989333547       0.57345949781        8.0                  0.02                 0.00639352467133     0.00019180574014     0                    0.15                
   6.15                 0.23996400162        0.575953629056       8.0                  0.03                 0.00610405406613     0.000183121621984    0                    0.15                
   6.15                 0.319914673493       0.579445063618       8.0                  0.04                 0.004316887721       0.00012950663163     0                    0.15                
   6.15                 0.399833354165       0.583933452355       8.0                  0.05                 0.0035491613333      0.000106474839999    0                    0.15                
   6.15                 0.5595427787         0.595899197365       8.0                  0.07                 0.00193819448698     5.81458346094e-05    0                    0.15                
#
#End Tab 3
#
#
#
# Tab 4
#*  sqrt(s)              pT                   xR                   p_pbar_LAB           theta_LAB            inv CS               CS_stat              CS_sys               err_scale           
   6.15                 0.124996744817       0.683058673231       10.0                 0.0125               0.00142623682049     5.70494728194e-05    0                    0.15                
   6.15                 0.199986666933       0.684578628665       10.0                 0.02                 0.00117513878871     3.52541636613e-05    0                    0.15                
   6.15                 0.299955002025       0.687696292722       10.0                 0.03                 0.000902948522265    2.7088455668e-05     0                    0.15                
   6.15                 0.349928546043       0.689722635035       10.0                 0.035                0.000694034959828    2.77613983931e-05    0                    0.15                
   6.15                 0.399893341866       0.692060585924       10.0                 0.04                 0.000661894411761    1.98568323528e-05    0                    0.15                
   6.15                 0.499791692707       0.697671071846       10.0                 0.05                 0.000440928143798    1.32278443139e-05    0                    0.15                
   6.15                 0.599640064794       0.704527189442       10.0                 0.06                 0.000286251756224    1.1450070249e-05     0                    0.15                
   6.15                 0.699428473375       0.712628253108       10.0                 0.07                 0.000196860856912    7.87443427648e-06    0                    0.15                
#
#End Tab 4
#
#
#
# Tab 5
#*  sqrt(s)              pT                   xR                   p_pbar_LAB           theta_LAB            inv CS               CS_stat              CS_sys               err_scale           
   6.15                 0.137496419299       0.740402964566       11.0                 0.0125               0.000458933192265    1.3767995768e-05     0                    0.15                
   6.15                 0.219985333627       0.742074915543       11.0                 0.02                 0.000405102062358    1.62040824943e-05    0                    0.15                
   6.15                 0.329950502227       0.745504346006       11.0                 0.03                 0.000284666314089    1.13866525636e-05    0                    0.15                
   6.15                 0.384921400648       0.74773332255        11.0                 0.035                0.000214412127599    1.28647276559e-05    0                    0.15                
   6.15                 0.439882676053       0.750305068528       11.0                 0.04                 0.000190689934758    7.62759739034e-06    0                    0.15                
   6.15                 0.549770861977       0.756476603042       11.0                 0.05                 0.000114049004042    4.56196016168e-06    0                    0.15                
   6.15                 0.659604071274       0.764018332398       11.0                 0.06                 6.9889229677e-05     3.49446148385e-06    0                    0.15                
   6.15                 0.769371320713       0.772929502431       11.0                 0.07                 3.82292261549e-05    1.91146130775e-06    0                    0.15                
#
#End Tab 5
#
#
#
# Tab 6
#*  sqrt(s)              pT                   xR                   p_pbar_LAB           theta_LAB            inv CS               CS_stat              CS_sys               err_scale           
   6.15                 0.149996093781       0.798611148833       12.0                 0.0125               0.000119530378671    4.78121514684e-06    0                    0.15                
   6.15                 0.23998400032        0.800435095353       12.0                 0.02                 0.000103648719967    4.14594879866e-06    0                    0.15                
   6.15                 0.35994600243        0.804176292221       12.0                 0.03                 6.99628859774e-05    3.49814429887e-06    0                    0.15                
   6.15                 0.419914255252       0.806607902997       12.0                 0.035                4.28804785023e-05    4.28804785023e-06    0                    0.15                
   6.15                 0.47987201024        0.809413444064       12.0                 0.04                 3.5357587537e-05     2.12145525222e-06    0                    0.15                
   6.15                 0.599750031248       0.81614602717        12.0                 0.05                 1.95595165098e-05    1.36916615569e-06    0                    0.15                
   6.15                 0.719568077753       0.824373368286       12.0                 0.06                 1.21202132219e-05    1.09081918997e-06    0                    0.15                
   6.15                 0.83931416805        0.834094644685       12.0                 0.07                 5.33289381763e-06    5.8661831994e-07     0                    0.15                
#
#End Tab 6
#
#
#
# Tab 7
#*  sqrt(s)              pT                   xR                   p_pbar_LAB           theta_LAB            inv CS               CS_stat              CS_sys               err_scale           
   6.15                 0.162495768262       0.857485044277       13.0                 0.0125               2.02833938303e-05    1.21700362982e-06    0                    0.15                
   6.15                 0.259982667013       0.85946098634        13.0                 0.02                 1.51932645801e-05    1.21546116641e-06    0                    0.15                
   6.15                 0.389941502632       0.863513949615       13.0                 0.03                 7.94368655711e-06    7.1493179014e-07     0                    0.15                
   6.15                 0.454907109856       0.866148194622       13.0                 0.035                5.65312839453e-06    5.08781555507e-07    0                    0.15                
   6.15                 0.519861344426       0.869187530777       13.0                 0.04                 4.94359522632e-06    5.43795474895e-07    0                    0.15                
   6.15                 0.649729200519       0.876481162475       13.0                 0.05                 2.37539365009e-06    4.51324793517e-07    0                    0.15                
   6.15                 0.779532084233       0.885394115351       13.0                 0.06                 7.94368655711e-07    2.70085342942e-07    0                    0.15                
   6.15                 0.909257015388       0.895925498117       13.0                 0.07                 5.36006034679e-07    2.19762474218e-07    0                    0.15                
#
#End Tab 7
#
#
#
# Tab 8
#*  sqrt(s)              pT                   xR                   p_pbar_LAB           theta_LAB            inv CS               CS_stat              CS_sys               err_scale           
   6.15                 0.174995442744       0.916882718263       14.0                 0.0125               1.47472940673e-06    2.35956705076e-07    0                    0.15                
   6.15                 0.279981333707       0.91901065587        14.0                 0.02                 9.16336718744e-07    2.56574281248e-07    0                    0.15                
   6.15                 0.419937002835       0.92337538555        14.0                 0.03                 2.11902866209e-07    1.22903662401e-07    0                    0.15                
   6.15                 0.489899964461       0.926212264789       14.0                 0.035                3.64387023313e-07    1.78549641423e-07    0                    0.15                
   6.15                 0.559850678613       0.929485396033       14.0                 0.04                 1.74676687011e-07    1.01312478466e-07    0                    0.15                
   6.15                 0.699708369789       0.937340076323       14.0                 0.05                 1.77540239257e-07    1.02973338769e-07    0                    0.15                
   6.15                 0.839496090712       0.946938640959       14.0                 0.06                 1.68949582518e-07    1.19954203588e-07    0                    0.15                
#
#End Tab 8
#