# BRAHMS, DOI:10.1103/PhysRevLett.98.252001
# p + p -> pbar + X 
#
#
#
# Tab 6
#*  sqrt(s)              pT                   xR                   y_LAB                pT                   inv CS               CS_stat              CS_sys               err_scale           
   200.0                0.825                0.11970213542        2.95                 0.825                0.1633               0.0096               0.0196               0.1                 
   200.0                0.875                0.122918006792       2.95                 0.875                0.1093               0.0069               0.0131               0.1                 
   200.0                0.925                0.126233782127       2.95                 0.925                0.07868              0.00524              0.00944              0.1                 
   200.0                0.975                0.129641796087       2.95                 0.975                0.06104              0.00408              0.00732              0.1                 
   200.0                1.048                0.134768601227       2.95                 1.048                0.0452               0.00214              0.00701              0.1                 
   200.0                1.148                0.142050471262       2.95                 1.148                0.023                0.00131              0.00357              0.1                 
   200.0                1.248                0.149591716485       2.95                 1.248                0.01332              0.00087              0.00207              0.1                 
   200.0                1.348                0.157355049622       2.95                 1.348                0.01034              0.00069              0.0016               0.1                 
   200.0                1.448                0.165309184223       2.95                 1.448                0.00533              0.000454             0.000826             0.1                 
   200.0                1.548                0.173427869389       2.95                 1.548                0.003654             0.000348             0.000566             0.1                 
   200.0                1.648                0.181689047879       2.95                 1.648                0.002312             0.000256             0.000358             0.1                 
   200.0                1.748                0.190074141069       2.95                 1.748                0.001154             0.000169             0.000179             0.1                 
   200.0                1.848                0.198567451596       2.95                 1.848                0.0005929            0.0001364            9.19e-05             0.1                 
   200.0                1.948                0.207155669266       2.95                 1.948                0.0007141            0.0001553            0.0001107            0.1                 
   200.0                2.093                0.219754407245       2.95                 2.093                0.0003326            7.42e-05             5.16e-05             0.1                 
   200.0                2.293                0.237368966918       2.95                 2.293                9.932e-05            3.169e-05            1.54e-05             0.1                 
   200.0                2.493                0.255206568079       2.95                 2.493                3.64e-05             1.238e-05            5.64e-06             0.1                 
   200.0                2.774                0.280563560395       2.95                 2.774                2.025e-05            5e-06                3.14e-06             0.1                 
   200.0                3.176                0.31728808534        2.95                 3.176                2.483e-06            1.379e-06            4.72e-07             0.1                 
   200.0                3.578                0.354392931225       2.95                 3.578                7.629e-07            7.098e-07            1.449e-07            0.1                 
   200.0                3.979                0.391676800031       2.95                 3.979                9.464e-07            8.573e-07            1.798e-07            0.1                 
#
#End Tab 6
#