# Phenix collaboration, doi: 10.1103/PhysRevC.83.064903, Tab 14
# p + p -> pbar + X, Feed-down weak decay corrections are applied
# Additional scale uncertainty: 9.7% 
#*  sqrt(s)              pT                   xR                   y                    pT                   inv CS               CS_stat              CS_sys               err_scale           
   200.0                0.65                 0.011416275265       0                    0.65                 0.118                0.002                0.065                0.097               
   200.0                0.75                 0.0120140031719      0                    0.75                 0.12                 0.002                0.034                0.097               
   200.0                0.85                 0.0126626185275      0                    0.85                 0.105                0.002                0.019                0.097               
   200.0                0.95                 0.0133547088399      0                    0.95                 0.0812               0.0017               0.011                0.097               
   200.0                1.05                 0.0140838664043      0                    1.05                 0.0591               0.0014               0.0066               0.097               
   200.0                1.15                 0.0148446300749      0                    1.15                 0.0407               0.0011               0.004                0.097               
   200.0                1.25                 0.0156323861166      0                    1.25                 0.0281               0.0009               0.0026               0.097               
   200.0                1.35                 0.0164432555719      0                    1.35                 0.0204               0.0008               0.0018               0.097               
   200.0                1.45                 0.0172739838016      0                    1.45                 0.0133               0.0006               0.0011               0.097               
   200.0                1.55                 0.0181218399569      0                    1.55                 0.00942              0.00052              0.00078              0.097               
   200.0                1.65                 0.0189845293578      0                    1.65                 0.00619              0.00041              0.00051              0.097               
   200.0                1.75                 0.0198601191064      0                    1.75                 0.00397              0.00033              0.00032              0.097               
   200.0                1.85                 0.0207469759573      0                    1.85                 0.003                0.0003               0.00024              0.097               
   200.0                1.95                 0.0216437149375      0                    1.95                 0.00188              0.00022              0.00015              0.097               
   200.0                2.05                 0.0225491570949      0                    2.05                 0.00141              0.0002               0.00011              0.097               
   200.0                2.15                 0.0234622948484      0                    2.15                 0.000924             0.00015              7.4e-05              0.097               
   200.0                2.25                 0.0243822635923      0                    2.25                 0.000621             0.00013              5e-05                0.097               
   200.0                2.35                 0.0253083184089      0                    2.35                 0.000525             0.00012              4.2e-05              0.097               
   200.0                2.45                 0.0262398149376      0                    2.45                 0.000278             9.4e-05              2.2e-05              0.097               
   200.0                2.55                 0.0271761936205      0                    2.55                 0.000216             7.4e-05              1.7e-05              0.097               
   200.0                2.65                 0.0281169666911      0                    2.65                 0.00016              7e-05                1.3e-05              0.097               
   200.0                2.75                 0.0290617073929      0                    2.75                 0.000155             6.6e-05              1.2e-05              0.097               
   200.0                2.85                 0.0300100410153      0                    2.85                 0.000213             8.1e-05              1.7e-05              0.097               
   200.0                2.95                 0.0309616374141      0                    2.95                 5.85e-05             4.4e-05              4.7e-06              0.097               
   200.0                3.1                  0.0323945204729      0                    3.1                  6.3e-05              2.5e-05              5.2e-06              0.097               
   200.0                3.3                  0.0343139919381      0                    3.3                  3.69e-05             2.8e-05              3.1e-06              0.097               
   200.0                3.5                  0.0362422122209      0                    3.5                  4.64e-05             2.8e-05              4e-06                0.097               
#
#End Tab 14
#
#
#
#
#
# Tab 18
# p + p -> pbar + X, Feed-down weak decay corrections are applied
# Additional scale uncertainty: 11% 
#*  sqrt(s)              pT                   xR                   y                    pT                   inv CS               CS_stat              CS_sys               err_scale           
   62.4                 0.65                 0.0366504748287      0                    0.65                 0.309                0.005                0.022                0.11                
   62.4                 0.75                 0.0385694029464      0                    0.75                 0.219                0.004                0.015                0.11                
   62.4                 0.85                 0.0406516986348      0                    0.85                 0.159                0.003                0.011                0.11                
   62.4                 0.95                 0.042873565048       0                    0.95                 0.11                 0.002                0.008                0.11                
   62.4                 1.05                 0.0452144310784      0                    1.05                 0.075                0.0018               0.0053               0.11                
   62.4                 1.15                 0.0476567644238      0                    1.15                 0.0495               0.0014               0.0035               0.11                
   62.4                 1.25                 0.0501857532844      0                    1.25                 0.0332               0.0011               0.0023               0.11                
   62.4                 1.35                 0.0527889447695      0                    1.35                 0.0237               0.0009               0.0017               0.11                
   62.4                 1.45                 0.0554558902807      0                    1.45                 0.0153               0.0007               0.0011               0.11                
   62.4                 1.55                 0.0581778227811      0                    1.55                 0.0107               0.0006               0.0008               0.11                
   62.4                 1.65                 0.0609473754976      0                    1.65                 0.00703              0.00047              0.00049              0.11                
   62.4                 1.75                 0.0637583431116      0                    1.75                 0.00449              0.00037              0.00031              0.11                
   62.4                 1.85                 0.0666054822999      0                    1.85                 0.00339              0.00034              0.00024              0.11                
   62.4                 1.95                 0.0694843467858      0                    1.95                 0.00212              0.00024              0.00015              0.11                
   62.4                 2.05                 0.0723911516961      0                    2.05                 0.00158              0.00022              0.00011              0.11                
   62.4                 2.15                 0.0753226623222      0                    2.15                 0.00104              0.00017              7e-05                0.11                
   62.4                 2.25                 0.0782761029593      0                    2.25                 0.000699             0.00015              4.9e-05              0.11                
   62.4                 2.35                 0.0812490821454      0                    2.35                 0.00059              0.00013              4.1e-05              0.11                
   62.4                 2.45                 0.0842395312441      0                    2.45                 0.000313             0.00011              2.2e-05              0.11                
   62.4                 2.55                 0.0872456538675      0                    2.55                 0.000243             8.3e-05              1.7e-05              0.11                
   62.4                 2.65                 0.090265884104       0                    2.65                 0.00018              7.9e-05              1.3e-05              0.11                
   62.4                 2.75                 0.0932988519071      0                    2.75                 0.000174             7.5e-05              1.2e-05              0.11                
   62.4                 2.85                 0.0963433543171      0                    2.85                 0.000239             9.1e-05              1.7e-05              0.11                
   62.4                 2.95                 0.0993983314484      0                    2.95                 6.57e-05             5e-05                4.7e-06              0.11                
   62.4                 3.1                  0.103998417139       0                    3.1                  7.07e-05             2.8e-05              5.1e-06              0.11                
   62.4                 3.3                  0.110160631958       0                    3.3                  4.14e-05             3.2e-05              3.1e-06              0.11                
   62.4                 3.5                  0.116350933724       0                    3.5                  5.21e-05             3.2e-05              4e-06                0.11                
#
#End Tab 18
#