# NA49 et al, DOI:10.1140/epjc/s10052-009-1172-2
# p + p -> pbar + X 
 #
#
#
# Tab 1
#*  sqrt(s)              pT                   xR                   pT                   xR                   inv CS               CS_stat              CS_sys               err_scale           
   17.2702030841        0.1                  -0.12307545696       0.1                  -0.12307545696       0.563                0.0377773            0                    0.065               
   17.2702030841        0.1                  -0.114807582182      0.1                  -0.114807582182      0.59                 0.025252             0                    0.065               
   17.2702030841        0.1                  0.111915973837       0.1                  0.111915973837       0.581                0.0212646            0                    0.065               
   17.2702030841        0.1                  0.114807582182       0.1                  0.114807582182       0.545                0.0200015            0                    0.065               
   17.2702030841        0.1                  0.12307545696        0.1                  0.12307545696        0.499                0.0193113            0                    0.065               
   17.2702030841        0.1                  0.135740733527       0.1                  0.135740733527       0.489                0.0207336            0                    0.065               
   17.2702030841        0.1                  0.151706021054       0.1                  0.151706021054       0.391                0.0176732            0                    0.065               
   17.2702030841        0.1                  0.170044342342       0.1                  0.170044342342       0.355                0.017679             0                    0.065               
   17.2702030841        0.1                  0.19007006959        0.1                  0.19007006959        0.26                 0.019136             0                    0.065               
   17.2702030841        0.1                  0.233416605442       0.1                  0.233416605442       0.194                0.0137546            0                    0.065               
   17.2702030841        0.1                  0.279436500569       0.1                  0.279436500569       0.115                0.013225             0                    0.065               
   17.2702030841        0.1                  0.327003011937       0.1                  0.327003011937       0.074                0.013394             0                    0.065               
   17.2702030841        0.1                  0.375528890492       0.1                  0.375528890492       0.0418               0.0079002            0                    0.065               
   17.2702030841        0.1                  0.424685402603       0.1                  0.424685402603       0.0173               0.0095323            0                    0.065               
   17.2702030841        0.2                  -0.124778192246      0.2                  -0.124778192246      0.508                0.031242             0                    0.065               
   17.2702030841        0.2                  -0.116631085396      0.2                  -0.116631085396      0.505                0.0179275            0                    0.065               
   17.2702030841        0.2                  0.113785826684       0.2                  0.113785826684       0.509                0.0151682            0                    0.065               
   17.2702030841        0.2                  0.116631085396       0.2                  0.116631085396       0.518                0.0151256            0                    0.065               
   17.2702030841        0.2                  0.124778192246       0.2                  0.124778192246       0.473                0.0147576            0                    0.065               
   17.2702030841        0.2                  0.137286473815       0.2                  0.137286473815       0.405                0.0149445            0                    0.065               
   17.2702030841        0.2                  0.153090646279       0.2                  0.153090646279       0.379                0.0153116            0                    0.065               
   17.2702030841        0.2                  0.171280785603       0.2                  0.171280785603       0.3                  0.01347              0                    0.065               
   17.2702030841        0.2                  0.191177039699       0.2                  0.191177039699       0.275                0.0153175            0                    0.065               
   17.2702030841        0.2                  0.234318887097       0.2                  0.234318887097       0.183                0.0130845            0                    0.065               
   17.2702030841        0.2                  0.280190626189       0.2                  0.280190626189       0.09                 0.008667             0                    0.065               
   17.2702030841        0.2                  0.327647675057       0.2                  0.327647675057       0.0613               0.0088272            0                    0.065               
   17.2702030841        0.3                  -0.127565587773      0.3                  -0.127565587773      0.391                0.0263925            0                    0.065               
   17.2702030841        0.3                  -0.1196084947        0.3                  -0.1196084947        0.45                 0.02484              0                    0.065               
   17.2702030841        0.3                  0.116835766261       0.3                  0.116835766261       0.45                 0.01746              0                    0.065               
   17.2702030841        0.3                  0.1196084947         0.3                  0.1196084947         0.404                0.0120796            0                    0.065               
   17.2702030841        0.3                  0.127565587773       0.3                  0.127565587773       0.401                0.0111879            0                    0.065               
   17.2702030841        0.3                  0.139824739643       0.3                  0.139824739643       0.353                0.0110136            0                    0.065               
   17.2702030841        0.3                  0.155370936477       0.3                  0.155370936477       0.32                 0.011392             0                    0.065               
   17.2702030841        0.3                  0.173321924292       0.3                  0.173321924292       0.255                0.0115515            0                    0.065               
   17.2702030841        0.3                  0.193007881787       0.3                  0.193007881787       0.199                0.0116216            0                    0.065               
   17.2702030841        0.3                  0.235815018126       0.3                  0.235815018126       0.1654               0.00775726           0                    0.065               
   17.2702030841        0.3                  0.281443011866       0.3                  0.281443011866       0.0941               0.00843136           0                    0.065               
   17.2702030841        0.3                  0.328719304109       0.3                  0.328719304109       0.0429               0.0063063            0                    0.065               
   17.2702030841        0.3                  0.377024347585       0.3                  0.377024347585       0.027                0.003726             0                    0.065               
   17.2702030841        0.3                  0.426008335907       0.3                  0.426008335907       0.0137               0.0040415            0                    0.065               
   17.2702030841        0.4                  -0.131368618312      0.4                  -0.131368618312      0.287                0.0218407            0                    0.065               
   17.2702030841        0.4                  -0.123656486678      0.4                  -0.123656486678      0.338                0.0210574            0                    0.065               
   17.2702030841        0.4                  0.120976571993       0.4                  0.120976571993       0.324                0.015876             0                    0.065               
   17.2702030841        0.4                  0.123656486678       0.4                  0.123656486678       0.311                0.0112271            0                    0.065               
   17.2702030841        0.4                  0.131368618312       0.4                  0.131368618312       0.2848               0.00902816           0                    0.065               
   17.2702030841        0.4                  0.143302800076       0.4                  0.143302800076       0.2918               0.00986284           0                    0.065               
   17.2702030841        0.4                  0.158508241411       0.4                  0.158508241411       0.237                0.0103806            0                    0.065               
   17.2702030841        0.4                  0.176139785777       0.4                  0.176139785777       0.203                0.0101094            0                    0.065               
   17.2702030841        0.4                  0.195542264294       0.4                  0.195542264294       0.165                0.010131             0                    0.065               
   17.2702030841        0.4                  0.237893794512       0.4                  0.237893794512       0.1154               0.00867808           0                    0.065               
   17.2702030841        0.4                  0.283187047058       0.4                  0.283187047058       0.0645               0.0067725            0                    0.065               
   17.2702030841        0.4                  0.330213742275       0.4                  0.330213742275       0.0425               0.0053125            0                    0.065               
   17.2702030841        0.5                  -0.136102172429      0.5                  -0.136102172429      0.222                0.0181152            0                    0.065               
   17.2702030841        0.5                  -0.128674061723      0.5                  -0.128674061723      0.26                 0.017602             0                    0.065               
   17.2702030841        0.5                  0.12610082646        0.5                  0.12610082646        0.23                 0.012604             0                    0.065               
   17.2702030841        0.5                  0.128674061723       0.5                  0.128674061723       0.262                0.0112922            0                    0.065               
   17.2702030841        0.5                  0.136102172429       0.5                  0.136102172429       0.2324               0.00748328           0                    0.065               
   17.2702030841        0.5                  0.147654258226       0.5                  0.147654258226       0.2031               0.00714912           0                    0.065               
   17.2702030841        0.5                  0.162452916434       0.5                  0.162452916434       0.1761               0.00771318           0                    0.065               
   17.2702030841        0.5                  0.179697834145       0.5                  0.179697834145       0.135                0.0074925            0                    0.065               
   17.2702030841        0.5                  0.198753275666       0.5                  0.198753275666       0.1231               0.00705363           0                    0.065               
   17.2702030841        0.5                  0.240540110854       0.5                  0.240540110854       0.086                0.0049536            0                    0.065               
   17.2702030841        0.5                  0.285413719159       0.5                  0.285413719159       0.0463               0.0047689            0                    0.065               
   17.2702030841        0.5                  0.33212528216        0.5                  0.33212528216        0.0266               0.0036974            0                    0.065               
   17.2702030841        0.5                  0.379997606345       0.5                  0.379997606345       0.0161               0.0021896            0                    0.065               
   17.2702030841        0.5                  0.428641953637       0.5                  0.428641953637       0.0082               0.0021238            0                    0.065               
   17.2702030841        0.6                  -0.141673009328      0.6                  -0.141673009328      0.163                0.0138876            0                    0.065               
   17.2702030841        0.6                  -0.134552794072      0.6                  -0.134552794072      0.178                0.0160022            0                    0.065               
   17.2702030841        0.6                  0.132094128053       0.6                  0.132094128053       0.178                0.0118726            0                    0.065               
   17.2702030841        0.6                  0.134552794072       0.6                  0.134552794072       0.1587               0.00852219           0                    0.065               
   17.2702030841        0.6                  0.141673009328       0.6                  0.141673009328       0.1511               0.00728302           0                    0.065               
   17.2702030841        0.6                  0.152804516309       0.6                  0.152804516309       0.1211               0.00583702           0                    0.065               
   17.2702030841        0.6                  0.167147809708       0.6                  0.167147809708       0.1255               0.0059236            0                    0.065               
   17.2702030841        0.6                  0.183953123998       0.6                  0.183953123998       0.1005               0.00672345           0                    0.065               
   17.2702030841        0.6                  0.202608748133       0.6                  0.202608748133       0.0787               0.00522568           0                    0.065               
   17.2702030841        0.6                  0.243735481951       0.6                  0.243735481951       0.0578               0.00498236           0                    0.065               
   17.2702030841        0.6                  0.288111838209       0.6                  0.288111838209       0.0427               0.0035868            0                    0.065               
   17.2702030841        0.6                  0.334446771972       0.6                  0.334446771972       0.019                0.002831             0                    0.065               
   17.2702030841        0.7                  -0.147986602683      0.7                  -0.147986602683      0.117                0.0114894            0                    0.065               
   17.2702030841        0.7                  -0.141185152882      0.7                  -0.141185152882      0.103                0.010712             0                    0.065               
   17.2702030841        0.7                  0.138843983189       0.7                  0.138843983189       0.1102               0.00900334           0                    0.065               
   17.2702030841        0.7                  0.141185152882       0.7                  0.141185152882       0.1168               0.00734672           0                    0.065               
   17.2702030841        0.7                  0.147986602683       0.7                  0.147986602683       0.1141               0.00622986           0                    0.065               
   17.2702030841        0.7                  0.158675811661       0.7                  0.158675811661       0.0929               0.00516524           0                    0.065               
   17.2702030841        0.7                  0.17253168779        0.7                  0.17253168779        0.083                0.0039093            0                    0.065               
   17.2702030841        0.7                  0.188858531262       0.7                  0.188858531262       0.0705               0.0040326            0                    0.065               
   17.2702030841        0.7                  0.207072687291       0.7                  0.207072687291       0.0596               0.00516136           0                    0.065               
   17.2702030841        0.7                  0.247458639299       0.7                  0.247458639299       0.0443               0.00400915           0                    0.065               
   17.2702030841        0.7                  0.291268302975       0.7                  0.291268302975       0.0191               0.0027122            0                    0.065               
   17.2702030841        0.7                  0.337169744022       0.7                  0.337169744022       0.0162               0.0023814            0                    0.065               
   17.2702030841        0.7                  0.384414378064       0.7                  0.384414378064       0.0092               0.0015088            0                    0.065               
   17.2702030841        0.7                  0.432562316496       0.7                  0.432562316496       0.0062               0.0013516            0                    0.065               
   17.2702030841        0.8                  -0.154952187287      0.8                  -0.154952187287      0.0534               0.0083838            0                    0.065               
   17.2702030841        0.8                  -0.148470176013      0.8                  -0.148470176013      0.0862               0.00847346           0                    0.065               
   17.2702030841        0.8                  0.146245674941       0.8                  0.146245674941       0.0845               0.0074698            0                    0.065               
   17.2702030841        0.8                  0.148470176013       0.8                  0.148470176013       0.0773               0.00612989           0                    0.065               
   17.2702030841        0.8                  0.154952187287       0.8                  0.154952187287       0.0637               0.00459914           0                    0.065               
   17.2702030841        0.8                  0.165191279968       0.8                  0.165191279968       0.0614               0.00444536           0                    0.065               
   17.2702030841        0.8                  0.178542233275       0.8                  0.178542233275       0.06                 0.003948             0                    0.065               
   17.2702030841        0.8                  0.194364838902       0.8                  0.194364838902       0.0382               0.00354878           0                    0.065               
   17.2702030841        0.8                  0.212106679746       0.8                  0.212106679746       0.0346               0.0037368            0                    0.065               
   17.2702030841        0.8                  0.251686161588       0.8                  0.251686161588       0.0235               0.00194345           0                    0.065               
   17.2702030841        0.8                  0.294868394524       0.8                  0.294868394524       0.0151               0.0022348            0                    0.065               
   17.2702030841        0.8                  0.340284560412       0.8                  0.340284560412       0.0132               0.00198              0                    0.065               
   17.2702030841        0.9                  -0.162485934424      0.9                  -0.162485934424      0.0432               0.006696             0                    0.065               
   17.2702030841        0.9                  -0.156316639249      0.9                  -0.156316639249      0.0427               0.0059353            0                    0.065               
   17.2702030841        0.9                  0.15420536949        0.9                  0.15420536949        0.0481               0.0058682            0                    0.065               
   17.2702030841        0.9                  0.156316639249       0.9                  0.156316639249       0.0409               0.0043763            0                    0.065               
   17.2702030841        0.9                  0.162485934424       0.9                  0.162485934424       0.0385               0.00349195           0                    0.065               
   17.2702030841        0.9                  0.172277849761       0.9                  0.172277849761       0.0441               0.00357651           0                    0.065               
   17.2702030841        0.9                  0.185118415085       0.9                  0.185118415085       0.0363               0.00311817           0                    0.065               
   17.2702030841        0.9                  0.200422526534       0.9                  0.200422526534       0.0275               0.0029975            0                    0.065               
   17.2702030841        0.9                  0.217671178923       0.9                  0.217671178923       0.0242               0.00242              0                    0.065               
   17.2702030841        0.9                  0.256393101459       0.9                  0.256393101459       0.019                0.002185             0                    0.065               
   17.2702030841        0.9                  0.29889608333        0.9                  0.29889608333        0.0141               0.0016497            0                    0.065               
   17.2702030841        0.9                  0.343780570416       0.9                  0.343780570416       0.0061               0.0013237            0                    0.065               
   17.2702030841        0.9                  0.390225650584       0.9                  0.390225650584       0.00435              0.0008961            0                    0.065               
   17.2702030841        0.9                  0.437734853495       0.9                  0.437734853495       0.00189              0.0007182            0                    0.065               
   17.2702030841        1.1                  -0.17896573492       1.1                  -0.17896573492       0.0155               0.0019065            0                    0.065               
   17.2702030841        1.1                  0.171482801964       1.1                  0.171482801964       0.0194               0.00157528           0                    0.065               
   17.2702030841        1.1                  0.17896573492        1.1                  0.17896573492        0.0153               0.00113067           0                    0.065               
   17.2702030841        1.1                  0.199739537883       1.1                  0.199739537883       0.0142               0.00103944           0                    0.065               
   17.2702030841        1.1                  0.230234223181       1.1                  0.230234223181       0.01008              0.00092232           0                    0.065               
   17.2702030841        1.1                  0.267141306925       1.1                  0.267141306925       0.00796              0.000686948          0                    0.065               
   17.2702030841        1.1                  0.308165416651       1.1                  0.308165416651       0.00447              0.00071967           0                    0.065               
   17.2702030841        1.1                  0.351869487148       1.1                  0.351869487148       0.0023               0.0005083            0                    0.065               
   17.2702030841        1.1                  0.397370247708       1.1                  0.397370247708       0.00182              0.0004914            0                    0.065               
   17.2702030841        1.1                  0.444115815249       1.1                  0.444115815249       0.00073              0.0003942            0                    0.065               
   17.2702030841        1.3                  -0.196929430871      1.3                  -0.196929430871      0.0095               0.0013965            0                    0.065               
   17.2702030841        1.3                  0.190154720786       1.3                  0.190154720786       0.00532              0.00089908           0                    0.065               
   17.2702030841        1.3                  0.196929430871       1.3                  0.196929430871       0.00515              0.00068495           0                    0.065               
   17.2702030841        1.3                  0.215982289694       1.3                  0.215982289694       0.00521              0.00065646           0                    0.065               
   17.2702030841        1.3                  0.2444591254         1.3                  0.2444591254         0.00403              0.00062465           0                    0.065               
   17.2702030841        1.3                  0.279494086402       1.3                  0.279494086402       0.00255              0.0003876            0                    0.065               
   17.2702030841        1.3                  0.318933206938       1.3                  0.318933206938       0.00152              0.00032984           0                    0.065               
   17.2702030841        1.3                  0.361337241996       1.3                  0.361337241996       0.00128              0.00034688           0                    0.065               
   17.2702030841        1.5                  -0.216007125552      1.5                  -0.216007125552      0.00272              0.00073712           0                    0.065               
   17.2702030841        1.5                  0.209849220592       1.5                  0.209849220592       0.00258              0.00061404           0                    0.065               
   17.2702030841        1.5                  0.216007125552       1.5                  0.216007125552       0.00241              0.00048682           0                    0.065               
   17.2702030841        1.5                  0.23350851592        1.5                  0.23350851592        0.00179              0.00038306           0                    0.065               
   17.2702030841        1.5                  0.260073338767       1.5                  0.260073338767       0.00127              0.00028956           0                    0.065               
   17.2702030841        1.5                  0.293248737217       1.5                  0.293248737217       0.00068              0.00020672           0                    0.065               
   17.2702030841        1.5                  0.331053270688       1.5                  0.331053270688       0.00057              0.00019665           0                    0.065               
#
#End Tab 1
#