# NA61 et al,  arXiv:1705.02467 
# p + p -> pbar + X 
 #
#
#
# Tab 1
#*  sqrt(s)              pT                   xR                   pT                   xR                   inv CS               CS_stat              CS_sys               err_scale           
   7.7433983165         0.05                 0.276360315304       0.05                 0.276360315304       0.142423137223       0.0281282503112      0.0148369305658      0.05                
   7.7433983165         0.15                 0.279473089208       0.15                 0.279473089208       0.150700943783       0.0246697219833      0.0119349089147      0.05                
   7.7433983165         0.25                 0.285596875026       0.25                 0.285596875026       0.156730291444       0.022001781081       0.0182449618995      0.05                
   7.7433983165         0.35                 0.294543929108       0.35                 0.294543929108       0.10028769017        0.0152557622919      0.0152557622919      0.05                
   7.7433983165         0.45                 0.306066759124       0.45                 0.306066759124       0.0652327888988      0.0114236350351      0.00915736955887     0.05                
   7.7433983165         0.55                 0.319887135758       0.55                 0.319887135758       0.0368186410119      0.00727162522165     0.00473036443368     0.05                
   7.7433983165         0.65                 0.335721435007       0.65                 0.335721435007       0.0243231219355      0.00559263468608     0.00312496439439     0.05                
   7.7433983165         0.75                 0.353298978118       0.75                 0.353298978118       0.0219678298756      0.0052821264115      0.00308384521545     0.05                
   7.7433983165         0.85                 0.37237298193        0.85                 0.37237298193        0.0178483296234      0.00553571421049     0.00271508029135     0.05                
   7.7433983165         0.05                 0.287451625124       0.05                 0.287451625124       0.146187079035       0.049442722109       0.020534420953       0.05                
   7.7433983165         0.15                 0.290689325574       0.15                 0.290689325574       0.161327581025       0.0264252866651      0.0264252866651      0.05                
   7.7433983165         0.25                 0.297058880419       0.25                 0.297058880419       0.14229542109        0.0216591579928      0.0216591579928      0.05                
   7.7433983165         0.35                 0.306365011197       0.35                 0.306365011197       0.123233261898       0.021593675405       0.0158424845942      0.05                
   7.7433983165         0.45                 0.318350292841       0.45                 0.318350292841       0.0508959706958      0.00891832480047     0.00592848466285     0.05                
   7.7433983165         0.55                 0.332725329716       0.55                 0.332725329716       0.0464881143075      0.00866993825691     0.00653000085692     0.05                
   7.7433983165         0.65                 0.349195114992       0.65                 0.349195114992       0.0328928555845      0.00686083132858     0.00422860371134     0.05                
   7.7433983165         0.75                 0.367478106627       0.75                 0.367478106627       0.0135595236253      0.00267957453209     0.00174316966733     0.05                
   7.7433983165         0.85                 0.387317617185       0.85                 0.387317617185       0.0185832752907      0.00346574486737     0.00261032127752     0.05                
   7.7433983165         0.05                 0.310079377971       0.05                 0.310079377971       0.0738069078042      0.0177569634665      0.00859721151054     0.05                
   7.7433983165         0.15                 0.313571945256       0.15                 0.313571945256       0.096074870593       0.0189858628372      0.013495256212       0.05                
   7.7433983165         0.25                 0.320442901728       0.25                 0.320442901728       0.0847403912432      0.0128985926356      0.00987078696711     0.05                
   7.7433983165         0.35                 0.330481596906       0.35                 0.330481596906       0.0914631720118      0.0139218479797      0.0139218479797      0.05                
   7.7433983165         0.45                 0.343410341613       0.45                 0.343410341613       0.0458001515582      0.00802538981363     0.00588791841667     0.05                
   7.7433983165         0.55                 0.358916959433       0.55                 0.358916959433       0.0241257338692      0.00837788807805     0.00338885381853     0.05                
   7.7433983165         0.65                 0.376683221048       0.65                 0.376683221048       0.0152908896265      0.005171596537       0.00159393890753     0.05                
   7.7433983165         0.75                 0.396405421857       0.75                 0.396405421857       0.012035198827       0.00210887990276     0.00169053588395     0.05                
   7.7433983165         0.05                 0.345151705019       0.05                 0.345151705019       0.0680885407414      0.0134474035967      0.0087478428654      0.05                
   7.7433983165         0.15                 0.349039308126       0.15                 0.349039308126       0.0672593273723      0.0168700322295      0.0110102768576      0.05                
   7.7433983165         0.25                 0.356687421835       0.25                 0.356687421835       0.0538662440669      0.0106385082928      0.00627056741363     0.05                
   7.7433983165         0.35                 0.367861569498       0.35                 0.367861569498       0.0589285396688      0.0109834822         0.00896419890731     0.05                
   7.7433983165         0.45                 0.38225265319        0.45                 0.38225265319        0.0200841806486      0.00374341990341     0.00258035710779     0.05                
   7.7433983165         0.55                 0.399513186975       0.55                 0.399513186975       0.0216344877907      0.00608142026683     0.00303704276018     0.05                
   7.7433983165         0.65                 0.41928894739        0.65                 0.41928894739        0.0175662583409      0.00267217669472     0.00267217669472     0.05                
   7.7433983165         0.05                 0.394076181899       0.05                 0.394076181899       0.0605311841635      0.00990894216192     0.00849737187944     0.05                
   7.7433983165         0.15                 0.398514843991       0.15                 0.398514843991       0.0418196654049      0.0141364566965      0.00684587128545     0.05                
   7.7433983165         0.25                 0.407247060595       0.25                 0.407247060595       0.0406029236276      0.00846401832002     0.00521654090229     0.05                
   7.7433983165         0.35                 0.420005118524       0.35                 0.420005118524       0.0332774209532      0.00765152968269     0.0042754028215      0.05                
   7.7433983165         0.45                 0.436436105919       0.45                 0.436436105919       0.0231862090392      0.00406039060594     0.00325486475902     0.05                
   7.7433983165         0.55                 0.456143281497       0.55                 0.456143281497       0.00622781376818     0.00156206655297     0.000800133760089    0.05                
   7.7433983165         0.65                 0.478722211414       0.65                 0.478722211414       0.00312495494793     0.000685205556765    0.000363776545165    0.05                
#
#End Tab 1
#
#
#
# Tab 1
#*  sqrt(s)              pT                   xR                   pT                   xR                   inv CS               CS_stat              CS_sys               err_scale           
   8.76602093099        0.45                 0.262680724986       0.45                 0.262680724986       0.0851428172556      0.0129598165546      0.0129598165546      0.05                
   8.76602093099        0.55                 0.27454201487        0.55                 0.27454201487        0.0558958740132      0.00850808056371     0.00850808056371     0.05                
   8.76602093099        0.65                 0.288131746791       0.65                 0.288131746791       0.0254627829432      0.00417077119003     0.00417077119003     0.05                
   8.76602093099        0.75                 0.303217611656       0.75                 0.303217611656       0.0236394394511      0.00359823367927     0.00359823367927     0.05                
   8.76602093099        0.85                 0.319587808681       0.85                 0.319587808681       0.0107752859914      0.00200956309442     0.00125512683306     0.05                
   8.76602093099        0.05                 0.246704351371       0.05                 0.246704351371       0.187948775286       0.035031204862       0.0263842766018      0.05                
   8.76602093099        0.15                 0.249483096453       0.15                 0.249483096453       0.133470851675       0.0203035653381      0.0203035653381      0.05                
   8.76602093099        0.25                 0.254949744609       0.25                 0.254949744609       0.135045155884       0.0205430549996      0.0205430549996      0.05                
   8.76602093099        0.35                 0.262936698784       0.35                 0.262936698784       0.11855851565        0.0194079011988      0.0194079011988      0.05                
   8.76602093099        0.45                 0.273223024814       0.45                 0.273223024814       0.0740003995988      0.00950737715833     0.00950737715833     0.05                
   8.76602093099        0.55                 0.285560349909       0.55                 0.285560349909       0.047924476944       0.00729027148611     0.00729027148611     0.05                
   8.76602093099        0.65                 0.299695485488       0.65                 0.299695485488       0.0363270856109      0.00552606337388     0.00466719970084     0.05                
   8.76602093099        0.75                 0.315386799081       0.75                 0.315386799081       0.0270638080241      0.00379920989937     0.00379920989937     0.05                
   8.76602093099        0.95                 0.35058246726        0.95                 0.35058246726        0.00619775876275     0.00122405030485     0.000942804050487    0.05                
   8.76602093099        0.05                 0.26612454107        0.05                 0.26612454107        0.153855570919       0.0303862244543      0.0179103407375      0.05                
   8.76602093099        0.15                 0.26912202472        0.15                 0.26912202472        0.123654083748       0.00979291112631     0.00661795827551     0.05                
   8.76602093099        0.25                 0.275018999069       0.25                 0.275018999069       0.135872925722       0.0206689944426      0.0174565966088      0.05                
   8.76602093099        0.35                 0.283634674076       0.35                 0.283634674076       0.0893660051419      0.0146291828831      0.011481500774       0.05                
   8.76602093099        0.45                 0.294730723979       0.45                 0.294730723979       0.0695068928881      0.0113782533535      0.00893005615759     0.05                
   8.76602093099        0.55                 0.30803922446        0.55                 0.30803922446        0.0341907447627      0.00520109412693     0.00439274339165     0.05                
   8.76602093099        0.65                 0.323287056321       0.65                 0.323287056321       0.0277614116401      0.00422306793382     0.00356670944932     0.05                
   8.76602093099        0.05                 0.296225243029       0.05                 0.296225243029       0.0392241294684      0.0121721805175      0.00504253259339     0.05                
   8.76602093099        0.15                 0.299561764791       0.15                 0.299561764791       0.0804039457212      0.0112940136963      0.0112940136963      0.05                
   8.76602093099        0.25                 0.306125731619       0.25                 0.306125731619       0.0635258908201      0.00966944300328     0.00966944300328     0.05                
   8.76602093099        0.35                 0.315715904748       0.35                 0.315715904748       0.0565509310955      0.00926297553962     0.00926297553962     0.05                
   8.76602093099        0.45                 0.328067001968       0.45                 0.328067001968       0.0410596622541      0.00672551098937     0.00624980229098     0.05                
   8.76602093099        0.55                 0.342880794689       0.55                 0.342880794689       0.0331351508127      0.0050435836273      0.00465436741952     0.05                
   8.76602093099        0.65                 0.359853271862       0.65                 0.359853271862       0.0180510817495      0.00316302601859     0.00188165698076     0.05                
   8.76602093099        0.75                 0.378694298202       0.75                 0.378694298202       0.00775486332285     0.00153247936148     0.000903304141546    0.05                
   8.76602093099        0.05                 0.338214504108       0.05                 0.338214504108       0.0458038352999      0.0080212194131      0.00588475108904     0.05                
   8.76602093099        0.15                 0.342023970316       0.15                 0.342023970316       0.0368126758247      0.00998156337139     0.00472960068622     0.05                
   8.76602093099        0.25                 0.349518364659       0.25                 0.349518364659       0.0451541962459      0.00739174241482     0.00580131345536     0.05                
   8.76602093099        0.35                 0.360467923232       0.35                 0.360467923232       0.0380396261698      0.00578659389627     0.00488723617653     0.05                
   8.76602093099        0.45                 0.374569760666       0.45                 0.374569760666       0.025785192217       0.00480602401248     0.00392245236833     0.05                
   8.76602093099        0.55                 0.391483375144       0.55                 0.391483375144       0.0128595388985      0.00309204166091     0.00195619098409     0.05                
   8.76602093099        0.65                 0.410861662733       0.65                 0.410861662733       0.00645256366696     0.00112998422219     0.000905810282066    0.05                
   8.76602093099        0.75                 0.432373362125       0.75                 0.432373362125       0.00365130588674     0.000990036868485    0.00051257051515     0.05                
#
#End Tab 1
#
#
#
# Tab 1
#*  sqrt(s)              pT                   xR                   pT                   xR                   inv CS               CS_stat              CS_sys               err_scale           
   12.3245513833        0.05                 0.16069037218        0.05                 0.16069037218        0.421696004583       0.0831646013843      0.0831646013843      0.05                
   12.3245513833        0.15                 0.162500302078       0.15                 0.162500302078       0.455987001977       0.0841379200626      0.0841379200626      0.05                
   12.3245513833        0.25                 0.166060992118       0.25                 0.166060992118       0.335497662031       0.0661648339321      0.0531838059872      0.05                
   12.3245513833        0.35                 0.171263278303       0.35                 0.171263278303       0.255163683841       0.0470825229792      0.0404491845963      0.05                
   12.3245513833        0.45                 0.17796325562        0.45                 0.17796325562        0.183485987736       0.0338566387921      0.0266449566005      0.05                
   12.3245513833        0.55                 0.185999146962       0.55                 0.185999146962       0.124360091448       0.024525513037       0.0197138403212      0.05                
   12.3245513833        0.65                 0.195206038468       0.65                 0.195206038468       0.103589924921       0.0229984772119      0.0177783165861      0.05                
   12.3245513833        0.75                 0.205426543324       0.75                 0.205426543324       0.0334092033099      0.00616463107275     0.00529610378121     0.05                
   12.3245513833        0.85                 0.216517168865       0.85                 0.216517168865       0.0403454618988      0.00846092000239     0.00744450938232     0.05                
   12.3245513833        0.95                 0.228351169449       0.95                 0.228351169449       0.0180992770215      0.00445332443486     0.00333965276753     0.05                
   12.3245513833        1.05                 0.240818980208       1.05                 0.240818980208       0.00520894874126     0.00102728115548     0.000825732872797    0.05                
   12.3245513833        0.05                 0.167139441038       0.05                 0.167139441038       0.433435895552       0.085479738161       0.0743873969185      0.05                
   12.3245513833        0.15                 0.169022009777       0.15                 0.169022009777       0.337113687649       0.0706969494953      0.0443969566442      0.05                
   12.3245513833        0.25                 0.172725602812       0.25                 0.172725602812       0.334184005346       0.0741940110273      0.0659057652067      0.05                
   12.3245513833        0.35                 0.178136675007       0.35                 0.178136675007       0.326696232005       0.0644291746296      0.0560684788639      0.05                
   12.3245513833        0.45                 0.185105545939       0.45                 0.185105545939       0.203985760374       0.0402287690193      0.0350084623064      0.05                
   12.3245513833        0.55                 0.193463945817       0.55                 0.193463945817       0.172217106149       0.0339637301016      0.027300329764       0.05                
   12.3245513833        0.65                 0.203040342206       0.65                 0.203040342206       0.0828345625162      0.0173713910488      0.0109090416202      0.05                
   12.3245513833        0.75                 0.213671031809       0.75                 0.213671031809       0.0604096502769      0.0134118324575      0.00877236167948     0.05                
   12.3245513833        0.85                 0.225206763095       0.85                 0.225206763095       0.0289061923425      0.00606197405495     0.00419761140248     0.05                
   12.3245513833        0.95                 0.237515703675       0.95                 0.237515703675       0.012178633282       0.00382154964067     0.00224719211915     0.05                
   12.3245513833        1.05                 0.250483891456       1.05                 0.250483891456       0.00570075608444     0.00160029964326     0.000903699989996    0.05                
   12.3245513833        0.05                 0.180296402531       0.05                 0.180296402531       0.377590835994       0.0791454956158      0.0647696230961      0.05                
   12.3245513833        0.15                 0.182327164206       0.15                 0.182327164206       0.293537969911       0.0541354338658      0.0346089120792      0.05                
   12.3245513833        0.25                 0.186322298427       0.25                 0.186322298427       0.273216173065       0.0538550406019      0.0432884062074      0.05                
   12.3245513833        0.35                 0.19215932196        0.35                 0.19215932196        0.207788675166       0.0383212072711      0.0301581181204      0.05                
   12.3245513833        0.45                 0.199676771767       0.45                 0.199676771767       0.154186451657       0.0323184775828      0.0284357023563      0.05                
   12.3245513833        0.55                 0.208693132115       0.55                 0.208693132115       0.147571059894       0.0290882391539      0.0233811134021      0.05                
   12.3245513833        0.65                 0.219023367801       0.65                 0.219023367801       0.0636209717582      0.0125405942073      0.00923387578145     0.05                
   12.3245513833        0.75                 0.23049088905        0.75                 0.23049088905        0.0402942619404      0.00844598229244     0.00691184452977     0.05                
   12.3245513833        0.85                 0.242934695483       0.85                 0.242934695483       0.0189874811173      0.00397990864309     0.00249927995983     0.05                
   12.3245513833        0.95                 0.256212577063       0.95                 0.256212577063       0.0116604058723      0.0027286584748      0.00215046061976     0.05                
   12.3245513833        1.05                 0.270201600778       1.05                 0.270201600778       0.00638724576702     0.00171952055686     0.00101199120557     0.05                
   12.3245513833        0.05                 0.200689291721       0.05                 0.200689291721       0.283986692837       0.0595254958427      0.0487134664726      0.05                
   12.3245513833        0.15                 0.202949747928       0.15                 0.202949747928       0.262334961031       0.0582131414196      0.0415641300692      0.05                
   12.3245513833        0.25                 0.207396762099       0.25                 0.207396762099       0.255935971653       0.0536457833939      0.0371462065958      0.05                
   12.3245513833        0.35                 0.213893997221       0.35                 0.213893997221       0.171696428653       0.0381002297061      0.0294517573166      0.05                
   12.3245513833        0.45                 0.222261727558       0.45                 0.222261727558       0.114159533231       0.0253325207861      0.0180874681335      0.05                
   12.3245513833        0.55                 0.232297906577       0.55                 0.232297906577       0.0963790708724      0.0202017445783      0.0165322517329      0.05                
   12.3245513833        0.65                 0.243796570188       0.65                 0.243796570188       0.0654766010432      0.0137242751379      0.010374112504       0.05                
   12.3245513833        0.75                 0.256561154978       0.75                 0.256561154978       0.0414695532992      0.00920227088704     0.006570432157       0.05                
   12.3245513833        0.85                 0.270412450201       0.85                 0.270412450201       0.0186432674451      0.00390775519506     0.00295383878268     0.05                
   12.3245513833        0.95                 0.285192160792       0.95                 0.285192160792       0.011813785764       0.00262152387341     0.00202645872822     0.05                
   12.3245513833        1.05                 0.30076344908        1.05                 0.30076344908        0.00756992048566     0.00245511248923     0.00119938320383     0.05                
   12.3245513833        0.05                 0.229136546856       0.05                 0.229136546856       0.18459318165        0.0454414113784      0.0364228408097      0.05                
   12.3245513833        0.15                 0.23171741764        0.15                 0.23171741764        0.222938283101       0.043988778932       0.0323909565963      0.05                
   12.3245513833        0.25                 0.236794786055       0.25                 0.236794786055       0.20760854444        0.0435599278122      0.0329276105835      0.05                
   12.3245513833        0.35                 0.244212989622       0.35                 0.244212989622       0.124771921202       0.0261793010792      0.0214247080243      0.05                
   12.3245513833        0.45                 0.25376682689        0.45                 0.25376682689        0.0940451487213      0.0197323876876      0.0149160534662      0.05                
   12.3245513833        0.55                 0.265225611683       0.55                 0.265225611683       0.0589218752574      0.0123628679016      0.0101175538201      0.05                
   12.3245513833        0.65                 0.278354184965       0.65                 0.278354184965       0.0352960242716      0.00740574425721     0.00606072998236     0.05                
   12.3245513833        0.75                 0.292928120902       0.75                 0.292928120902       0.0282804890168      0.00593375631732     0.00485607762656     0.05                
   12.3245513833        0.85                 0.308742806029       0.85                 0.308742806029       0.0135276044974      0.00283833006782     0.00196544355035     0.05                
   12.3245513833        0.95                 0.325617507311       0.95                 0.325617507311       0.00560822297214     0.00117670714023     0.000889494136395    0.05                
   12.3245513833        0.05                 0.266779856169       0.05                 0.266779856169       0.0931371601813      0.024009639746       0.0109869801163      0.05                
   12.3245513833        0.15                 0.269784720936       0.15                 0.269784720936       0.137835468367       0.0306015673634      0.0200157653017      0.05                
   12.3245513833        0.25                 0.275696216217       0.25                 0.275696216217       0.10630192914        0.0248881781759      0.0182438100999      0.05                
   12.3245513833        0.35                 0.284333106787       0.35                 0.284333106787       0.0659301477352      0.0146375050733      0.0104514016579      0.05                
   12.3245513833        0.45                 0.295456480021       0.45                 0.295456480021       0.0619030191032      0.0129818011629      0.010623947483       0.05                
   12.3245513833        0.55                 0.308797751856       0.55                 0.308797751856       0.0439777541012      0.0092226557252      0.00697144816873     0.05                
   12.3245513833        0.65                 0.324083130552       0.65                 0.324083130552       0.0214872273281      0.00477050462016     0.00340620998232     0.05                
   12.3245513833        0.75                 0.341051320858       0.75                 0.341051320858       0.0154262688238      0.00361170941345     0.00244541180085     0.05                
   12.3245513833        0.85                 0.359464094733       0.85                 0.359464094733       0.00671830686764     0.00165304432776     0.000884779232701    0.05                
   12.3245513833        0.95                 0.379111027719       0.95                 0.379111027719       0.00521947209442     0.00122202071362     0.00102935449349     0.05                
   12.3245513833        0.05                 0.315129977838       0.05                 0.315129977838       0.0680951523193      0.016771342577       0.00989883042598     0.05                
   12.3245513833        0.15                 0.318679432362       0.15                 0.318679432362       0.0681616083715      0.0151480324312      0.00990846309442     0.05                
   12.3245513833        0.25                 0.325662303571       0.25                 0.325662303571       0.0676076587186      0.0141924489321      0.0107284974087      0.05                
   12.3245513833        0.35                 0.335864509888       0.35                 0.335864509888       0.055624605223       0.0123618547376      0.00882692877828     0.05                
   12.3245513833        0.45                 0.349003839114       0.45                 0.349003839114       0.0257629454723      0.00508597025948     0.00374508816179     0.05                
   12.3245513833        0.55                 0.364763030073       0.55                 0.364763030073       0.0153958432505      0.00303936827099     0.00244312840301     0.05                
   12.3245513833        0.65                 0.382818670102       0.65                 0.382818670102       0.0189925192798      0.00350805875805     0.00276088599671     0.05                
   12.3245513833        0.75                 0.402862107832       0.75                 0.402862107832       0.00811785299098     0.00280600811914     0.00107023138055     0.05                
   12.3245513833        0.85                 0.424611939722       0.85                 0.424611939722       0.00433289103825     0.00140721127515     0.000687575607582    0.05                
   12.3245513833        0.05                 0.376127372014       0.05                 0.376127372014       0.0415131383769      0.0111812572429      0.00818698681925     0.05                
   12.3245513833        0.15                 0.380363868368       0.15                 0.380363868368       0.0854129158476      0.0189630086479      0.0146588296118      0.05                
   12.3245513833        0.25                 0.388698362646       0.25                 0.388698362646       0.0368617437635      0.00818386139071     0.00584340375933     0.05                
   12.3245513833        0.35                 0.400875335072       0.35                 0.400875335072       0.0186437393783      0.00480611379101     0.00344011664252     0.05                
   12.3245513833        0.45                 0.416557947705       0.45                 0.416557947705       0.0131978138544      0.00276774061079     0.00191652255026     0.05                
   12.3245513833        0.55                 0.435367529457       0.55                 0.435367529457       0.0120517678941      0.0029653502207      0.00206836554711     0.05                
   12.3245513833        0.65                 0.45691806705        0.65                 0.45691806705        0.00553023356528     0.00179441671513     0.000803072666162    0.05                
   12.3245513833        0.75                 0.480841165739       0.75                 0.480841165739       0.00698455957825     0.00171855432505     0.00101425853654     0.05                
#
#End Tab 1
#
#
#
# Tab 1
#*  sqrt(s)              pT                   xR                   pT                   xR                   inv CS               CS_stat              CS_sys               err_scale           
   17.2702030841        0.55                 -0.129641523263      0.55                 -0.129641523263      0.241916104724       0.0167997294948      0.0241916104724      0.05                
   17.2702030841        0.65                 -0.136058732475      0.65                 -0.136058732475      0.184797024442       0.0154270646543      0.0184797024442      0.05                
   17.2702030841        0.75                 -0.143182430834      0.75                 -0.143182430834      0.105950294014       0.0296813769462      0.0105950294014      0.05                
   17.2702030841        0.85                 -0.150912603863      0.85                 -0.150912603863      0.0847892229794      0.0197138139455      0.00847892229794     0.05                
   17.2702030841        0.95                 -0.159160909767      0.95                 -0.159160909767      0.057708544475       0.016210265302       0.0057708544475      0.05                
   17.2702030841        0.05                 0.112001291207       0.05                 0.112001291207       0.689908891251       0.123198016295       0.0689908891251      0.05                
   17.2702030841        0.15                 0.113262813492       0.15                 0.113262813492       0.615990081474       0.0610490059924      0.0615990081474      0.05                
   17.2702030841        0.25                 0.115744616706       0.25                 0.115744616706       0.546999192349       0.0819058364147      0.0546999192349      0.05                
   17.2702030841        0.35                 0.119370613473       0.35                 0.119370613473       0.445272830323       0.0324522739509      0.0445272830323      0.05                
   17.2702030841        0.45                 0.124040501907       0.45                 0.124040501907       0.395602518991       0.0349798381893      0.0395602518991      0.05                
   17.2702030841        0.55                 0.129641523263       0.55                 0.129641523263       0.220636447364       0.0518830965928      0.0220636447364      0.05                
   17.2702030841        0.65                 0.136058732475       0.65                 0.136058732475       0.161105098232       0.0186911130105      0.0161105098232      0.05                
   17.2702030841        0.75                 0.143182430834       0.75                 0.143182430834       0.104307653796       0.0123198016295      0.0104307653796      0.05                
   17.2702030841        0.85                 0.150912603863       0.85                 0.150912603863       0.0746435039904      0.00928061416637     0.00746435039904     0.05                
   17.2702030841        0.05                 0.116496296287       0.05                 0.116496296287       0.652949486363       0.104536983301       0.0652949486363      0.05                
   17.2702030841        0.15                 0.11780844789        0.15                 0.11780844789        0.579030676586       0.0718361706556      0.0579030676586      0.05                
   17.2702030841        0.25                 0.120389854581       0.25                 0.120389854581       0.551927113001       0.0728015846371      0.0551927113001      0.05                
   17.2702030841        0.35                 0.12416137533        0.35                 0.12416137533        0.450552745307       0.0419818727733      0.0450552745307      0.05                
   17.2702030841        0.45                 0.129018682784       0.45                 0.129018682784       0.314839374976       0.0307614564939      0.0314839374976      0.05                
   17.2702030841        0.55                 0.134844492794       0.55                 0.134844492794       0.266555707983       0.0233053150356      0.0266555707983      0.05                
   17.2702030841        0.65                 0.141519247144       0.65                 0.141519247144       0.163000452329       0.0163044524373      0.0163000452329      0.05                
   17.2702030841        0.75                 0.148928844531       0.75                 0.148928844531       0.0977370929272      0.0187649627839      0.00977370929272     0.05                
   17.2702030841        0.85                 0.156969256546       0.85                 0.156969256546       0.0688459502824      0.00985690697276     0.00688459502824     0.05                
   17.2702030841        0.95                 0.165548595928       0.95                 0.165548595928       0.0492792065179      0.0193439480575      0.00492792065179     0.05                
   17.2702030841        0.05                 0.125666706782       0.05                 0.125666706782       0.640629684733       0.0962207266839      0.0640629684733      0.05                
   17.2702030841        0.15                 0.127082148956       0.15                 0.127082148956       0.566710874956       0.0789920386356      0.0566710874956      0.05                
   17.2702030841        0.25                 0.129866760039       0.25                 0.129866760039       0.497719985831       0.0519773000163      0.0497719985831      0.05                
   17.2702030841        0.35                 0.133935169139       0.35                 0.133935169139       0.355514275594       0.0401721001394      0.0355514275594      0.05                
   17.2702030841        0.45                 0.139174836417       0.45                 0.139174836417       0.302519573346       0.0296131176524      0.0302519573346      0.05                
   17.2702030841        0.55                 0.145459245292       0.55                 0.145459245292       0.23407623096        0.0295683723698      0.023407623096       0.05                
   17.2702030841        0.65                 0.152659426109       0.65                 0.152659426109       0.155419035941       0.0178807347882      0.0155419035941      0.05                
   17.2702030841        0.75                 0.160652295684       0.75                 0.160652295684       0.0952731326013      0.0192266108044      0.00952731326013     0.05                
   17.2702030841        0.85                 0.169325636651       0.85                 0.169325636651       0.0659471734284      0.0133233410089      0.00659471734284     0.05                
   17.2702030841        0.95                 0.178580328524       0.95                 0.178580328524       0.0395530473368      0.00648410612078     0.00395530473368     0.05                
   17.2702030841        0.05                 0.139880563467       0.05                 0.139880563467       0.628309883104       0.104536983301       0.0628309883104      0.05                
   17.2702030841        0.15                 0.141456102875       0.15                 0.141456102875       0.529751470068       0.0444196764787      0.0529751470068      0.05                
   17.2702030841        0.25                 0.144555674569       0.25                 0.144555674569       0.416409295077       0.0595442917899      0.0416409295077      0.05                
   17.2702030841        0.35                 0.149084251565       0.35                 0.149084251565       0.341434502303       0.0313354045588      0.0341434502303      0.05                
   17.2702030841        0.45                 0.154916564911       0.45                 0.154916564911       0.280617703783       0.0254623952249      0.0280617703783      0.05                
   17.2702030841        0.55                 0.161911788045       0.55                 0.161911788045       0.174717186745       0.0201907620358      0.0174717186745      0.05                
   17.2702030841        0.65                 0.169926363866       0.65                 0.169926363866       0.13836084907        0.0127496907275      0.013836084907       0.05                
   17.2702030841        0.75                 0.178823287551       0.75                 0.178823287551       0.0878812516237      0.0146922207535      0.00878812516237     0.05                
   17.2702030841        0.85                 0.188477649097       0.85                 0.188477649097       0.0615990081474      0.015355995073       0.00615990081474     0.05                
   17.2702030841        0.95                 0.198779116741       0.95                 0.198779116741       0.041498279173       0.0135392110675      0.0041498279173      0.05                
   17.2702030841        0.05                 0.159708318317       0.05                 0.159708318317       0.542071271697       0.126840120988       0.0542071271697      0.05                
   17.2702030841        0.15                 0.161507186888       0.15                 0.161507186888       0.422979855946       0.0698122092337      0.0422979855946      0.05                
   17.2702030841        0.25                 0.16504611589        0.25                 0.16504611589        0.357274247255       0.0389586334706      0.0357274247255      0.05                
   17.2702030841        0.35                 0.170216608476       0.35                 0.170216608476       0.253435919235       0.0292917662306      0.0253435919235      0.05                
   17.2702030841        0.45                 0.176875639104       0.45                 0.176875639104       0.197116826072       0.0350868104213      0.0197116826072      0.05                
   17.2702030841        0.55                 0.184862419364       0.55                 0.184862419364       0.152317547419       0.0195916829061      0.0152317547419      0.05                
   17.2702030841        0.65                 0.194013043258       0.65                 0.194013043258       0.114668922859       0.0173970380408      0.0114668922859      0.05                
   17.2702030841        0.75                 0.204171085839       0.75                 0.204171085839       0.0837746510805      0.0215586750674      0.00837746510805     0.05                
   17.2702030841        0.85                 0.215193931391       0.85                 0.215193931391       0.037684099102       0.00522584429161     0.0037684099102      0.05                
   17.2702030841        0.05                 0.185945728755       0.05                 0.185945728755       0.369594048885       0.0888393529573      0.0369594048885      0.05                
   17.2702030841        0.15                 0.188040121401       0.15                 0.188040121401       0.279248836935       0.037860986276       0.0279248836935      0.05                
   17.2702030841        0.25                 0.192160437357       0.25                 0.192160437357       0.298139199434       0.0313610949903      0.0298139199434      0.05                
   17.2702030841        0.35                 0.198180355556       0.35                 0.198180355556       0.219996457669       0.0370012852474      0.0219996457669      0.05                
   17.2702030841        0.45                 0.205933353747       0.45                 0.205933353747       0.153313086945       0.0186186020597      0.0153313086945      0.05                
   17.2702030841        0.55                 0.215232228667       0.55                 0.215232228667       0.110878214665       0.0152334016852      0.0110878214665      0.05                
   17.2702030841        0.65                 0.225886147302       0.65                 0.225886147302       0.0815002261643      0.0148334921069      0.00815002261643     0.05                
   17.2702030841        0.75                 0.237712986694       0.75                 0.237712986694       0.0443512858661      0.00696913222007     0.00443512858661     0.05                
   17.2702030841        0.05                 0.219645794188       0.05                 0.219645794188       0.307995040737       0.0696913222007      0.0307995040737      0.05                
   17.2702030841        0.15                 0.22211976624        0.15                 0.22211976624        0.160157421183       0.0262950734714      0.0160157421183      0.05                
   17.2702030841        0.25                 0.226986831897       0.25                 0.226986831897       0.211900588027       0.0363799382393      0.0211900588027      0.05                
   17.2702030841        0.35                 0.234097776163       0.35                 0.234097776163       0.16895727949        0.019911806343       0.016895727949       0.05                
   17.2702030841        0.45                 0.243255896956       0.45                 0.243255896956       0.110878214665       0.0135510904279      0.0110878214665      0.05                
   17.2702030841        0.55                 0.254240063039       0.55                 0.254240063039       0.0974384310696      0.00963444916748     0.00974384310696     0.05                
   17.2702030841        0.65                 0.266824855577       0.65                 0.266824855577       0.0530699147116      0.0127144218059      0.00530699147116     0.05                
   17.2702030841        0.75                 0.280795144373       0.75                 0.280795144373       0.0386020451057      0.0153435258521      0.00386020451057     0.05                
   17.2702030841        0.85                 0.295954790978       0.85                 0.295954790978       0.021740826405       0.002898776854       0.0021740826405      0.05                
   17.2702030841        0.95                 0.312130548252       0.95                 0.312130548252       0.0142650334657      0.00289978041188     0.00142650334657     0.05                
   17.2702030841        0.05                 0.262161016571       0.05                 0.262161016571       0.135517817924       0.0444196764787      0.0135517817924      0.05                
   17.2702030841        0.15                 0.265113857213       0.15                 0.265113857213       0.106771614122       0.0183652759419      0.0106771614122      0.05                
   17.2702030841        0.25                 0.270923005005       0.25                 0.270923005005       0.118270095643       0.0192441453368      0.0118270095643      0.05                
   17.2702030841        0.35                 0.2794103625         0.35                 0.2794103625         0.0950384697132      0.0175997166135      0.00950384697132     0.05                
   17.2702030841        0.45                 0.29034115344        0.45                 0.29034115344        0.0602301412997      0.0203496686641      0.00602301412997     0.05                
   17.2702030841        0.55                 0.303451443837       0.55                 0.303451443837       0.0683188999453      0.0191382602298      0.00683188999453     0.05                
   17.2702030841        0.65                 0.318472182192       0.65                 0.318472182192       0.0388547589853      0.00670108867314     0.00388547589853     0.05                
   17.2702030841        0.95                 0.372547364884       0.95                 0.372547364884       0.0058356955087      0.00129682122416     0.00058356955087     0.05                
   17.2702030841        0.05                 0.315197681058       0.05                 0.315197681058       0.0862386114064      0.0275479139128      0.00862386114064     0.05                
   17.2702030841        0.15                 0.318747898155       0.15                 0.318747898155       0.0780254103201      0.0148065588262      0.00780254103201     0.05                
   17.2702030841        0.25                 0.325732269579       0.25                 0.325732269579       0.0788467304287      0.0311669067765      0.00788467304287     0.05                
   17.2702030841        0.35                 0.335936667761       0.35                 0.335936667761       0.0422393198725      0.00703988664542     0.00422393198725     0.05                
   17.2702030841        0.45                 0.349078819869       0.45                 0.349078819869       0.0465414728225      0.00967935030565     0.00465414728225     0.05                
   17.2702030841        0.55                 0.364841396567       0.55                 0.364841396567       0.0335994589895      0.0080763048143      0.00335994589895     0.05                
   17.2702030841        0.05                 0.38088433522        0.05                 0.38088433522        0.0369594048885      0.0123198016295      0.00369594048885     0.05                
   17.2702030841        0.15                 0.385174411449       0.15                 0.385174411449       0.0574924076043      0.0174228305502      0.00574924076043     0.05                
   17.2702030841        0.25                 0.393614313856       0.25                 0.393614313856       0.0369594048885      0.00739188097769     0.00369594048885     0.05                
   17.2702030841        0.35                 0.405945291053       0.35                 0.405945291053       0.0211196599363      0.00527991498406     0.00211196599363     0.05                
   17.2702030841        0.45                 0.421826245037       0.45                 0.421826245037       0.0123198016295      0.00273773369544     0.00123198016295     0.05                
   17.2702030841        0.75                 0.486922466659       0.75                 0.486922466659       0.00574924076043     0.00164264021726     0.000574924076043    0.05                
#
#End Tab 1
#