# Dekkers et al, doi: doi.org/10.1103/PhysRev.137.B962
# p + p -> pbar + X 
#
#
#
# Tab 1
#*  sqrt(s)              pT                   xR                   theta_LAB            xR                   inv CS               CS_stat              CS_sys               err_scale           
   6.0896345325         0.0                  0.398939034581       0.0                  0.398939034581       0.0395449945122      0.0118121412179      0                    0.1                 
   6.0896345325         0.0                  0.480083128342       0.0                  0.480083128342       0.0129893006131      0.00371122874661     0                    0.1                 
   6.0896345325         0.399333666587       0.423950792699       0.1                  0.423950792699       0.016177497755       0.00513571357301     0                    0.1                 
   6.0896345325         0.599000499881       0.517600765518       0.1                  0.517600765518       0.00539815090416     0.00134953772604     0                    0.1                 
   6.0896345325         0.798667333175       0.634360947654       0.1                  0.634360947654       0.000679626638291    0.000188785177303    0                    0.1                 
   6.71897481124        0.0                  0.338104981465       0.0                  0.338104981465       0.0721567757008      0.0141232123258      0                    0.1                 
   6.71897481124        0.0                  0.393586335201       0.0                  0.393586335201       0.0490894347847      0.0070850730617      0                    0.1                 
   6.71897481124        0.0                  0.471249335704       0.0                  0.471249335704       0.017242379527       0.00226542212764     0                    0.1                 
   6.71897481124        0.0                  0.557969808013       0.0                  0.557969808013       0.00632767040075     0.00120527055252     0                    0.1                 
   6.71897481124        0.0                  0.649258095287       0.0                  0.649258095287       0.00208969193481     0.000501526064354    0                    0.1                 
#
#End Tab 1
#