# guettler et al, DOI:10.1016/0550-3213(76)90313-8
# p + p -> pbar + X 

#
#
# Tab 1
#*  sqrt(s)              pT                   xR                   y                    pT                   inv CS               CS_stat              CS_sys               err_scale           
   23.0                 0.123                0.0833972562272      0                    0.123                0.93                 0.12                 0                    0.04                
   23.0                 0.161                0.0838982859676      0                    0.161                0.87                 0.09                 0                    0.04                
   23.0                 0.2                  0.0845474548776      0                    0.2                  0.88                 0.08                 0                    0.04                
   23.0                 0.24                 0.0853520298958      0                    0.24                 0.8                  0.07                 0                    0.04                
   23.0                 0.28                 0.0862932202828      0                    0.28                 0.69                 0.06                 0                    0.04                
   23.0                 0.325                0.08750984433        0                    0.325                0.63                 0.06                 0                    0.04                
   23.0                 0.375                0.0890494988371      0                    0.375                0.55                 0.06                 0                    0.04                
   23.0                 0.424                0.0907408061552      0                    0.424                0.46                 0.05                 0                    0.04                
   23.0                 0.474                0.0926424648083      0                    0.474                0.4                  0.04                 0                    0.04                
#
#End Tab 1
#
#
#
# Tab 1
#*  sqrt(s)              pT                   xR                   y                    pT                   inv CS               CS_stat              CS_sys               err_scale           
   31.0                 0.123                0.0615023356829      0                    0.123                1.34                 0.12                 0                    0.04                
   31.0                 0.161                0.0618718262474      0                    0.161                1.14                 0.07                 0                    0.04                
   31.0                 0.2                  0.0623505638705      0                    0.2                  1.06                 0.06                 0                    0.04                
   31.0                 0.24                 0.0629439076457      0                    0.24                 0.91                 0.05                 0                    0.04                
   31.0                 0.28                 0.0636380001104      0                    0.28                 0.78                 0.04                 0                    0.04                
   31.0                 0.325                0.0645352145265      0                    0.325                0.78                 0.05                 0                    0.04                
   31.0                 0.375                0.0656706517413      0                    0.375                0.68                 0.04                 0                    0.04                
   31.0                 0.424                0.0669179271928      0                    0.424                0.56                 0.04                 0                    0.04                
   31.0                 0.474                0.0683203288321      0                    0.474                0.44                 0.03                 0                    0.04                
#
#End Tab 1
#
#
#
# Tab 1
#*  sqrt(s)              pT                   xR                   y                    pT                   inv CS               CS_stat              CS_sys               err_scale           
   45.0                 0.123                0.0422045583596      0                    0.123                1.45                 0.15                 0                    0.04                
   45.0                 0.161                0.0424581127315      0                    0.161                1.35                 0.1                  0                    0.04                
   45.0                 0.2                  0.0427866353758      0                    0.2                  1.27                 0.09                 0                    0.04                
   45.0                 0.24                 0.0431938038469      0                    0.24                 1.14                 0.07                 0                    0.04                
   45.0                 0.28                 0.0436701087808      0                    0.28                 1.0                  0.06                 0                    0.04                
   45.0                 0.325                0.0442858014658      0                    0.325                0.94                 0.07                 0                    0.04                
   45.0                 0.375                0.045064969048       0                    0.375                0.82                 0.06                 0                    0.04                
   45.0                 0.424                0.0459208830389      0                    0.424                0.7                  0.06                 0                    0.04                
   45.0                 0.474                0.0468832487957      0                    0.474                0.65                 0.06                 0                    0.04                
#
#End Tab 1
#
#
#
# Tab 1
#*  sqrt(s)              pT                   xR                   y                    pT                   inv CS               CS_stat              CS_sys               err_scale           
   53.0                 0.123                0.0357991872843      0                    0.123                1.81                 0.13                 0                    0.04                
   53.0                 0.161                0.0360142597978      0                    0.161                1.59                 0.08                 0                    0.04                
   53.0                 0.2                  0.0362929226752      0                    0.2                  1.52                 0.08                 0                    0.04                
   53.0                 0.24                 0.0366382953297      0                    0.24                 1.34                 0.07                 0                    0.04                
   53.0                 0.28                 0.0370423116302      0                    0.28                 1.2                  0.06                 0                    0.04                
   53.0                 0.325                0.0375645608515      0                    0.325                1.09                 0.06                 0                    0.04                
   53.0                 0.375                0.038225474442       0                    0.375                0.98                 0.05                 0                    0.04                
   53.0                 0.424                0.0389514866656      0                    0.424                0.84                 0.05                 0                    0.04                
   53.0                 0.474                0.0397677945078      0                    0.474                0.72                 0.05                 0                    0.04                
#
#End Tab 1
#
#
#
# Tab 1
#*  sqrt(s)              pT                   xR                   y                    pT                   inv CS               CS_stat              CS_sys               err_scale           
   63.0                 0.123                0.0300946684475      0                    0.123                1.72                 0.18                 0                    0.04                
   63.0                 0.161                0.0302754696465      0                    0.161                1.43                 0.1                  0                    0.04                
   63.0                 0.2                  0.03050972823        0                    0.2                  1.48                 0.09                 0                    0.04                
   63.0                 0.24                 0.0308000665398      0                    0.24                 1.4                  0.08                 0                    0.04                
   63.0                 0.28                 0.0311397037644      0                    0.28                 1.18                 0.06                 0                    0.04                
   63.0                 0.325                0.0315787337635      0                    0.325                1.01                 0.07                 0                    0.04                
   63.0                 0.375                0.0321343322809      0                    0.375                1.06                 0.07                 0                    0.04                
   63.0                 0.424                0.0327446561126      0                    0.424                1.09                 0.08                 0                    0.04                
   63.0                 0.474                0.0334308871621      0                    0.474                0.92                 0.07                 0                    0.04                
#
#End Tab 1
#