# Antreasyan et al, DOI:10.1103/PhysRevD.19.764
# p + p -> pbar + X 
#
#
#
# Tab 8
#*  sqrt(s)              pT                   xR                   theta_LAB            pT                   inv CS               CS_stat              CS_sys               err_scale           
   19.4183848853        0.77                 0.130599067777       0.077                0.77                 0.062                0.007                0                    0.2                 
   19.4183848853        1.54                 0.189754997212       0.077                1.54                 0.0013               0.0001               0                    0.2                 
   19.4183848853        3.08                 0.34371508663        0.077                3.08                 8.4e-07              5e-08                0                    0.2                 
   19.4183848853        4.61                 0.50456481618        0.077                4.61                 3e-10                1.2e-10              0                    0.2                 
   19.4183848853        5.38                 0.586367512434       0.077                5.38                 4.6e-11              3.3e-11              0                    0.2                 
#
#End Tab 8
#
#
#
# Tab 8
#*  sqrt(s)              pT                   xR                   theta_LAB            pT                   inv CS               CS_stat              CS_sys               err_scale           
   23.7639792784        0.77                 0.11300035595        0.077                0.77                 0.08                 0.008                0                    0.2                 
   23.7639792784        1.54                 0.155006576728       0.077                1.54                 0.0021               0.0001               0                    0.2                 
   23.7639792784        3.08                 0.274443208161       0.077                3.08                 2.2e-06              1e-07                0                    0.2                 
   23.7639792784        4.61                 0.400944075137       0.077                4.61                 2.9e-09              4e-10                0                    0.2                 
   23.7639792784        5.38                 0.465454733178       0.077                5.38                 1.1e-10              6e-11                0                    0.2                 
   23.7639792784        6.15                 0.530249407156       0.077                6.15                 9e-12                7e-12                0                    0.2                 
#
#End Tab 8
#
#
#
# Tab 8
#*  sqrt(s)              pT                   xR                   theta_LAB            pT                   inv CS               CS_stat              CS_sys               err_scale           
   27.4295541171        0.77                 0.104273078279       0.077                0.77                 0.076                0.008                0                    0.2                 
   27.4295541171        1.16                 0.117343993807       0.077                1.16                 0.018                0.002                0                    0.2                 
   27.4295541171        1.54                 0.137774934634       0.077                1.54                 0.0026               0.0001               0                    0.2                 
   27.4295541171        2.31                 0.186965469626       0.077                2.31                 8.8e-05              6e-06                0                    0.2                 
   27.4295541171        3.08                 0.240091609424       0.077                3.08                 3.5e-06              2e-07                0                    0.2                 
   27.4295541171        3.85                 0.294793321524       0.077                3.85                 1.4e-07              1e-08                0                    0.2                 
   27.4295541171        4.61                 0.349559072263       0.077                4.61                 6.7e-09              1e-09                0                    0.2                 
   27.4295541171        5.38                 0.405494704591       0.077                5.38                 5.9e-10              1.4e-10              0                    0.2                 
   27.4295541171        6.15                 0.461713461079       0.077                6.15                 8.2e-11              3e-11                0                    0.2                 
#
#End Tab 8
#