# LHCb 
# p + He -> pbar + X 
 #
#
#
# Tab 1
#*  sqrt(s)              pT                   xR                   pT                   xf                   inv CS               CS_stat              CS_sys               err_scale           
   110.450431837        0.62                 -0.0538737287975     0.62                 -0.0498430634833     1.42927594261        0.0935040336289      0.100182893174       0.06                
   110.450431837        0.75                 -0.0611934447411     0.75                 -0.05715960971       0.96569714639        0.0469052899675      0.0662192328953      0.06                
   110.450431837        0.85                 -0.0677725760727     0.85                 -0.0637358920262     0.566975738801       0.0462340731211      0.0389339563125      0.06                
   110.450431837        0.97                 -0.07675814878       0.97                 -0.072717573637      0.340952032102       0.0447499542134      0.023440452207       0.06                
   110.450431837        1.12                 -0.0896666229578     1.12                 -0.0856204579519     0.180695364406       0.0276574537357      0.0129068117433      0.06                
   110.450431837        1.32                 -0.109784259985      1.32                 -0.105729383273      0.0687359725699      0.00671737913751     0.00531141606222     0.06                
   110.450431837        1.67                 -0.153025216467      1.67                 -0.148951614768      0.0115704879101      0.00184635445374     0.000861632078411    0.06                
   110.450431837        2.21                 -0.240009727249      2.21                 -0.23589845793       0.000591519364371    0.00011090988082     4.62124503415e-05    0.06                
   110.450431837        0.62                 -0.0469863400425     0.62                 -0.0423139494717     1.50459783206        0.0969457366015      0.10470139553        0.06                
   110.450431837        0.75                 -0.053285113188      0.75                 -0.0486099950076     1.00939114899        0.06408832692        0.070497159612       0.06                
   110.450431837        0.85                 -0.0589458587465     0.85                 -0.0542682892468     0.681169678486       0.0282643020119      0.0480493134202      0.06                
   110.450431837        0.97                 -0.0666759977368     0.97                 -0.0619950807914     0.420848073519       0.0272313459336      0.0297069228367      0.06                
   110.450431837        1.12                 -0.0777786547031     1.12                 -0.0730929298828     0.205684212562       0.0235679826894      0.014997807166       0.06                
   110.450431837        1.32                 -0.0950765630061     1.32                 -0.0903833475301     0.0828076022731      0.00653744228472     0.0063558466657      0.06                
   110.450431837        1.67                 -0.132234448722      1.67                 -0.12752514246       0.0138907778457      0.00114563116253     0.00100242726721     0.06                
   110.450431837        2.21                 -0.206889034459      2.21                 -0.202147399908      0.000926286209139    0.000140020008358    7.53953891159e-05    0.06                
   110.450431837        0.62                 -0.0413556254814     0.62                 -0.0359668751503     1.77326817224        0.282110845583       0.125382598037       0.06                
   110.450431837        0.75                 -0.046807357764      0.75                 -0.0414162466244     1.0435932716         0.0666123364852      0.0740137072058      0.06                
   110.450431837        0.85                 -0.0517064050968     0.85                 -0.0463131724824     0.74102993646        0.0457022868302      0.0522311849487      0.06                
   110.450431837        0.97                 -0.0583956924339     0.97                 -0.0529995631023     0.44037360088        0.0285956883688      0.0314552572057      0.06                
   110.450431837        1.12                 -0.0680019774008     1.12                 -0.0626016881806     0.240104949119       0.0198024700304      0.0173271612766      0.06                
   110.450431837        1.32                 -0.0829652101752     1.32                 -0.0775584413031     0.0940158229483      0.00629570242957     0.00713512942018     0.06                
   110.450431837        1.68                 -0.116123596277      1.68                 -0.110702468556      0.0181051650757      0.00181051650757     0.00131673927823     0.06                
   110.450431837        2.21                 -0.179587941219      2.21                 -0.17413933101       0.00109727865042     0.000162097982448    8.72835290104e-05    0.06                
   110.450431837        0.62                 -0.0367392268677     0.62                 -0.030553482345      1.52803622798        0.0668837406188      0.108042965615       0.06                
   110.450431837        0.75                 -0.0414823968955     0.75                 -0.0352945983988     1.17360026944        0.153078296014       0.0807913228964      0.06                
   110.450431837        0.85                 -0.0457444256977     0.85                 -0.0395547815796     0.705219914324       0.0262581882993      0.0487652068415      0.06                
   110.450431837        0.97                 -0.0515634694855     0.97                 -0.045371305499      0.453497130207       0.0197172665307      0.0328621108846      0.06                
   110.450431837        1.12                 -0.0599191308597     1.12                 -0.0537233485523     0.270272978895       0.0256048085269      0.0199148510765      0.06                
   110.450431837        1.32                 -0.0729322296625     1.32                 -0.0667308121858     0.106630210622       0.00482489640822     0.00796107907356     0.06                
   110.450431837        1.68                 -0.101760001996      1.68                 -0.0955461009919     0.021390119126       0.00151434471689     0.0017036378065      0.06                
   110.450431837        2.22                 -0.158086771783      2.22                 -0.151848479134      0.00138583594839     0.000171443622481    0.000100008779781    0.06                
   110.450431837        0.62                 -0.0329877259767     0.62                 -0.0259275239733     1.46315106472        0.0763894130177      0.0998938477924      0.06                
   110.450431837        0.75                 -0.0371394998894     0.75                 -0.0300775000092     1.1316241948         0.0777080992134      0.0777080992134      0.06                
   110.450431837        0.85                 -0.0408699390022     0.85                 -0.0338063236992     0.724117253522       0.0342777398117      0.0514166097176      0.06                
   110.450431837        0.97                 -0.0459629099625     0.97                 -0.0388970892084     0.472986984645       0.022523189745       0.0337847846175      0.06                
   110.450431837        1.12                 -0.053275422676      1.12                 -0.0462064353242     0.260011184432       0.0227509786378      0.0195008388324      0.06                
   110.450431837        1.32                 -0.064662586365      1.32                 -0.057588667936      0.110256225375       0.00441024901499     0.00826921690311     0.06                
   110.450431837        1.68                 -0.0898826354814     1.68                 -0.0827977958068     0.0225004481505      0.00108175231493     0.00173080370388     0.06                
   110.450431837        2.22                 -0.139137076613      2.22                 -0.132030907882      0.00189536140568     0.000196071869553    0.000147053902165    0.06                
   110.450431837        0.47                 -0.026565881765      0.47                 -0.0185430203731     1.84241374091        0.440768837538       0.132230651261       0.06                
   110.450431837        0.62                 -0.0299165920099     0.62                 -0.0218922796323     1.47668157866        0.053454536784       0.106909073568       0.06                
   110.450431837        0.75                 -0.0335669700929     0.75                 -0.025541076962      1.11562751549        0.0717978104027      0.0773207188952      0.06                
   110.450431837        0.85                 -0.0368467762393     0.85                 -0.028819462827      0.77961251534        0.038980625767       0.0535983604296      0.06                
   110.450431837        0.97                 -0.0413243379049     0.97                 -0.0332950855372     0.480273251956       0.0179302014064      0.0337258550263      0.06                
   110.450431837        1.12                 -0.0477528713579     1.12                 -0.0397208351894     0.295718751485       0.0184824219678      0.0221789063614      0.06                
   110.450431837        1.32                 -0.057762615317      1.32                 -0.0497262445467     0.126351717918       0.00909230724473     0.00940583508076     0.06                
   110.450431837        1.68                 -0.0799281946311     1.68                 -0.0718822253174     0.0278145243558      0.00270760856561     0.0019691698659      0.06                
   110.450431837        2.23                 -0.124117310911      2.23                 -0.116052206021      0.0024253542668      0.000222169856501    0.000185141547084    0.06                
   110.450431837        0.47                 -0.0244308051806     0.47                 -0.0153325618958     2.47001612496        0.280001827931       0.170001109815       0.06                
   110.450431837        0.62                 -0.027384095559      0.62                 -0.0182845733865     1.47809673996        0.272879398147       0.106119765946       0.06                
   110.450431837        0.75                 -0.0306014202565     0.75                 -0.0215005048594     1.10272428174        0.0814512253555      0.075185746482       0.06                
   110.450431837        0.85                 -0.0334920542628     0.85                 -0.0243898871107     0.818122664309       0.0331671350395      0.0552785583992      0.06                
   110.450431837        0.97                 -0.0374381984067     0.97                 -0.0283343224233     0.49983783113        0.0193735593461      0.034872406823       0.06                
   110.450431837        1.12                 -0.0431035152188     1.12                 -0.0339971859366     0.294835819552       0.0188728476242      0.0222280205352      0.06                
   110.450431837        1.33                 -0.0524033526186     1.33                 -0.0432929961512     0.128871159936       0.00812064843433     0.00953293511856     0.06                
   110.450431837        1.68                 -0.0714544641702     1.68                 -0.0623358578431     0.0273758806201      0.0019554200443      0.0019554200443      0.06                
   110.450431837        2.23                 -0.110379221008      2.23                 -0.101243758773      0.00285855840425     0.000399357424123    0.000210188117959    0.06                
   110.450431837        0.47                 -0.022714813767      0.47                 -0.0124209243324     4.82099370876        1.26749130371        0.41872480569        0.06                
   110.450431837        0.62                 -0.0253241466267     0.62                 -0.0150291272512     1.32963677069        0.283083957631       0.0943613192102      0.06                
   110.450431837        0.75                 -0.028166701678      0.75                 -0.0178704513675     1.00689788248        0.0779991317413      0.070908301583       0.06                
   110.450431837        0.85                 -0.0307205661728     0.85                 -0.0204232099413     0.825813937368       0.0938424928828      0.0563054957297      0.06                
   110.450431837        0.97                 -0.0342068868574     0.97                 -0.0239080209158     0.484579698094       0.0197340148545      0.0339863589161      0.06                
   110.450431837        1.12                 -0.039211886215      1.12                 -0.0289108529173     0.304273159315       0.0123418130143      0.0251583111446      0.06                
   110.450431837        1.33                 -0.0474273577307     1.33                 -0.0371227668197     0.122290634326       0.0163853464293      0.00999106489594     0.06                
   110.450431837        1.68                 -0.0642554328336     1.68                 -0.0539435547227     0.0329832215674      0.00151792390722     0.00271961366711     0.06                
   110.450431837        2.23                 -0.0986311606366     2.23                 -0.0883043965211     0.00340352858827     0.000261809891406    0.000285610790624    0.06                
   110.450431837        0.47                 -0.0213734542568     0.47                 -0.00975753076872    3.7934635062         0.6386302199         0.332087714348       0.06                
   110.450431837        0.62                 -0.023685182409      0.62                 -0.0120682578542     2.1881097273         0.319502747792       0.183956127517       0.06                
   110.450431837        0.75                 -0.0262034913812     0.75                 -0.0145854763024     1.07242931523        0.14405766921        0.0880352422947      0.06                
   110.450431837        0.85                 -0.0284660034272     0.85                 -0.0168470085941     0.706125301547       0.15534756634        0.0635512771392      0.06                
   110.450431837        0.97                 -0.0315545379322     0.97                 -0.0199342056456     0.482603200798       0.0618722052305      0.0371233231383      0.06                
   110.450431837        1.12                 -0.0359883574154     1.12                 -0.0243661051155     0.302190287737       0.0235751288306      0.0246467255956      0.06                
   110.450431837        1.33                 -0.0432659731164     1.33                 -0.0316405693306     0.136237314644       0.0072178709745      0.0112779233977      0.06                
   110.450431837        1.68                 -0.0581718717356     1.68                 -0.0465400131258     0.03284416218        0.00178500881413     0.00285601410261     0.06                
   110.450431837        2.23                 -0.0886163302657     2.23                 -0.0769712880413     0.00389684826753     0.000268748156381    0.000322497787658    0.06                
   110.450431837        3.06                 -0.150846938462      3.06                 -0.139174948005      0.000144706083467    3.51987770597e-05    1.17329256866e-05    0.06                
   110.450431837        0.62                 -0.0224162981619     0.62                 -0.00933878624662    2.19111006885        0.196218812135       0.185317767017       0.06                
   110.450431837        0.75                 -0.0246528052554     0.75                 -0.0115743248471     1.30660738448        0.0720886832815      0.108133024922       0.06                
   110.450431837        0.85                 -0.0266621141693     0.85                 -0.0135827636534     0.842764106677       0.0556542334598      0.0715554430197      0.06                
   110.450431837        0.97                 -0.0294049648166     0.97                 -0.0163244265415     0.487662183931       0.0975324367861      0.0417996157655      0.06                
   110.450431837        1.12                 -0.0333424517124     1.12                 -0.0202602083549     0.280536852919       0.0211156771014      0.0229255922815      0.06                
   110.450431837        1.33                 -0.0398051942826     1.33                 -0.0267201523105     0.142740642647       0.00558771198972     0.0116833977967      0.06                
   110.450431837        1.69                 -0.0534647787342     1.69                 -0.0403738216397     0.0365276171448      0.00167851194757     0.00299734276352     0.06                
   110.450431837        2.24                 -0.0806341310428     2.24                 -0.0675314085799     0.00418858871237     0.000301337317437    0.000331471049181    0.06                
   110.450431837        3.08                 -0.136857332264      3.08                 -0.123730263005      0.000168539041274    3.93987369211e-05    1.53217310249e-05    0.06                
   110.450431837        0.62                 -0.0214785159682     0.62                 -0.00678945275196    1.78791550281        0.0734759795674      0.159197955729       0.06                
   110.450431837        0.75                 -0.0234692811996     0.75                 -0.00877935590598    1.37672268288        0.0911066481317      0.121475530842       0.06                
   110.450431837        0.85                 -0.0252577948042     0.85                 -0.0105670950158     0.928897859793       0.0803853917129      0.0803853917129      0.06                
   110.450431837        0.97                 -0.0276992174128     0.97                 -0.0130074603951     0.550977193366       0.0328707984678      0.0469582835255      0.06                
   110.450431837        1.12                 -0.0312039369177     1.12                 -0.0165106622224     0.288731614966       0.025755402274       0.0237220810418      0.06                
   110.450431837        1.33                 -0.0369562250744     1.33                 -0.0222604594184     0.136966143995       0.00570692266647     0.0114138453329      0.06                
   110.450431837        1.69                 -0.0491136387849     1.69                 -0.0344126085039     0.0385256830056      0.00175116740935     0.00318802271958     0.06                
   110.450431837        2.24                 -0.0732928560492     2.24                 -0.0585813552426     0.00484207082709     0.000338606351545    0.000406327621854    0.06                
   110.450431837        3.09                 -0.124009825705      3.09                 -0.109276362511      0.000210886764511    4.90434336073e-05    1.71652017626e-05    0.06                
   110.450431837        0.75                 -0.0226091982048     0.75                 -0.00612303191629    1.29528742806        0.0795351929511      0.113621704216       0.06                
   110.450431837        0.85                 -0.0242025791147     0.85                 -0.00771572283136    0.881211971661       0.036090592696       0.0751887347834      0.06                
   110.450431837        0.97                 -0.0263776158539     0.97                 -0.00988981769641    0.579783819997       0.0228399686666      0.0491937786664      0.06                
   110.450431837        1.12                 -0.0294998945194     1.12                 -0.0130107442959     0.299742504468       0.0129330522232      0.0258661044464      0.06                
   110.450431837        1.33                 -0.0346243871345     1.33                 -0.0181330178098     0.133242517973       0.00576530125845     0.0108900134882      0.06                
   110.450431837        1.69                 -0.0454545663855     1.69                 -0.028958507179      0.0399196927049      0.00181453148658     0.00327623740633     0.06                
   110.450431837        2.24                 -0.0669925295402     2.24                 -0.0504871435723     0.00494174216122     0.000380134012401    0.000418147413641    0.06                
   110.450431837        3.09                 -0.112162469797      3.09                 -0.0956375235175     0.000209264610538    4.13022257641e-05    1.92743720233e-05    0.06                
   110.450431837        0.85                 -0.0234751149234     0.85                 -0.00498884746959    0.854407358137       0.0393477072826      0.0730743135249      0.06                
   110.450431837        0.97                 -0.0254146220235     0.97                 -0.006927514689      0.596977611537       0.0423597975183      0.05122580165        0.06                
   110.450431837        1.12                 -0.0281987699712     1.12                 -0.0097104569942     0.325046292429       0.0136502380023      0.0281536158796      0.06                
   110.450431837        1.33                 -0.0327682321966     1.33                 -0.0142779404677     0.136492635044       0.00574705831763     0.0114941166353      0.06                
   110.450431837        1.69                 -0.0424251253111     1.69                 -0.0239306517782     0.0379860638034      0.00175233330045     0.00310897843629     0.06                
   110.450431837        2.24                 -0.0616286592526     2.24                 -0.0431258698553     0.00596886002957     0.000468981859467    0.000511616573964    0.06                
   110.450431837        3.09                 -0.101897946285      3.09                 -0.0833777187466     0.000253275562227    4.63308955293e-05    2.16210845804e-05    0.06                
   110.450431837        0.85                 -0.0230613976012     0.85                 -0.00237862593823    0.704428341218       0.0754744651305      0.0628953876087      0.06                
   110.450431837        0.97                 -0.0247947304688     0.97                 -0.00411120820638    0.539006911523       0.0231475360777      0.0462950721553      0.06                
   110.450431837        1.12                 -0.0272828983641     1.12                 -0.00659829862993    0.321702177035       0.0190921173314      0.0276835701306      0.06                
   110.450431837        1.33                 -0.0313665382898     1.33                 -0.0106801701833     0.155943561124       0.0152728229967      0.0136651574181      0.06                
   110.450431837        1.69                 -0.0399965235741     1.69                 -0.0193064183541     0.0394696165251      0.00189757771755     0.00322588211984     0.06                
   110.450431837        2.24                 -0.0571571865557     2.24                 -0.0364596501124     0.00582066686978     0.000381683073428    0.000477103841785    0.06                
   110.450431837        3.09                 -0.0931392577586     3.09                 -0.0724261397028     0.000318032824033    5.87669348757e-05    2.76550281768e-05    0.06                
   110.450431837        0.97                 -0.0244900257272     0.97                 -0.00137915497022    0.539493957895       0.0295613127614      0.0492688546023      0.06                
   110.450431837        1.12                 -0.0267166284991     1.12                 -0.00360479353803    0.315751785561       0.0138674770686      0.0266682251318      0.06                
   110.450431837        1.33                 -0.0303709481671     1.33                 -0.00725753074581    0.151805448895       0.0116773422227      0.0125755993167      0.06                
   110.450431837        1.69                 -0.0380935113316     1.69                 -0.0149767497452     0.0384523230796      0.00212053252277     0.00325148320158     0.06                
   110.450431837        2.24                 -0.053449220954      2.24                 -0.0303258097582     0.00618496168121     0.000533186351829    0.000533186351829    0.06                
   110.450431837        3.1                  -0.0860842961009     3.1                  -0.0629467526698     0.000288834740183    5.00646882983e-05    2.31067792146e-05    0.06                
   110.450431837        1.12                 -0.026480778375      1.12                 -0.000680002902233   0.289396087002       0.0285823295804      0.0262004687821      0.06                
   110.450431837        1.33                 -0.0297539259966     1.33                 -0.00395173312579    0.148422099012       0.0100285202035      0.0130370762646      0.06                
   110.450431837        1.69                 -0.0366708725876     1.69                 -0.0108656844145     0.0413522796142      0.00457716072065     0.00355124538671     0.06                
   110.450431837        2.25                 -0.0507100014776     2.25                 -0.0248987338248     0.00616364257399     0.000533392145826    0.000533392145826    0.06                
   110.450431837        3.11                 -0.0800476026003     3.11                 -0.0542236306445     0.000347191114314    6.42946507989e-05    3.00041703728e-05    0.06                
   110.450431837        1.33                 -0.0294987128244     1.33                 -0.000715259474013   0.143208235989       0.013425772124       0.0123069577803      0.06                
   110.450431837        1.69                 -0.035698611583      1.69                 -0.00691247343948    0.0409401003549      0.00739563103185     0.00352172906278     0.06                
   110.450431837        2.25                 -0.0482820788218     2.25                 -0.0194904915558     0.00601709266227     0.000595097076488    0.000462853281713    0.06                
   110.450431837        3.11                 -0.0745765247201     3.11                 -0.0457735509537     0.000320425924068    6.69546707007e-05    2.86948588717e-05    0.06                
   110.450431837        1.33                 0.0295950706622      1.33                 0.00248981376519     0.1346998835         0.0199555382964      0.0124722114352      0.06                
   110.450431837        1.69                 -0.0351565746185     1.69                 -0.00306928184722    0.0434800857227      0.010600111192       0.00372966875274     0.06                
   110.450431837        2.25                 -0.0464441322762     2.25                 -0.0143519515609     0.00589707595213     0.00140055553863     0.000515994145811    0.06                
   110.450431837        3.12                 -0.0703485434714     3.12                 -0.0382460112321     0.000350772185406    9.56651414745e-05    3.18883804915e-05    0.06                
#
#End Tab 1
#