#p_min  p_max   pT_min pT_max    p        pT       x_F      d2 sigma/d p /d pT      sigma_stat      sigma_sys
#
12.0   14.0      0.6   0.7      12.99    0.62    -0.050     428         28         30
12.0   14.0      0.7   0.8      12.99    0.75    -0.057     350         17         24
12.0   14.0      0.8   0.9      12.99    0.85    -0.063     233         19         16
12.0   14.0      0.9   1.1      12.99    0.97    -0.073     160         21         11
12.0   14.0      1.1   1.2      12.99    1.12    -0.085      98         15          7
12.0   14.0      1.2   1.5      12.99    1.32    -0.106    44.0        4.3        3.4
12.0   14.0      1.5   2.0      12.99    1.67    -0.149     9.4        1.5        0.7
12.0   14.0      2.0   2.8      12.99    2.21    -0.236    0.64       0.12       0.05
14.0   16.2      0.6   0.7      15.09    0.62    -0.042     388         25         27
14.0   16.2      0.7   0.8      15.09    0.75    -0.048     315         20         22
14.0   16.2      0.8   0.9      15.09    0.85    -0.054     241         10         17
14.0   16.2      0.9   1.1      15.09    0.97    -0.062     170         11         12
14.0   16.2      1.1   1.2      15.09    1.12    -0.073      96         11          7
14.0   16.2      1.2   1.5      15.09    1.32    -0.091    45.6        3.6        3.5
14.0   16.2      1.5   2.0      15.09    1.67    -0.128     9.7        0.8        0.7
14.0   16.2      2.0   2.8      15.09    2.21    -0.202    0.86       0.13       0.07
16.2   18.7      0.6   0.7      17.43    0.62    -0.036     396         63         28
16.2   18.7      0.7   0.8      17.43    0.75    -0.041     282         18         20
16.2   18.7      0.8   0.9      17.43    0.85    -0.046     227         14         16
16.2   18.7      0.9   1.1      17.43    0.97    -0.053     154         10         11
16.2   18.7      1.1   1.2      17.43    1.12    -0.062      97          8          7
16.2   18.7      1.2   1.5      17.43    1.32    -0.078    44.8        3.0        3.4
16.2   18.7      1.5   2.0      17.43    1.68    -0.110    11.0        1.1        0.8
16.2   18.7      2.0   2.8      17.43    2.21    -0.174    0.88       0.13       0.07
#
18.7   21.4      0.6   0.7      20.03    0.62    -0.031     297         13         21
18.7   21.4      0.7   0.8      20.03    0.75    -0.035     276         36         19
18.7   21.4      0.8   0.9      20.03    0.85    -0.039     188          7         13
18.7   21.4      0.9   1.1      20.03    0.97    -0.045     138          6         10
18.7   21.4      1.1   1.2      20.03    1.12    -0.054      95          9          7
18.7   21.4      1.2   1.5      20.03    1.32    -0.067    44.2        2.0        3.3
18.7   21.4      1.5   2.0      20.03    1.68    -0.095    11.3        0.8        0.9
18.7   21.4      2.0   2.8      20.03    2.22    -0.151    0.97       0.12       0.07
21.4   24.4      0.6   0.7      22.88    0.62    -0.026     249         13         17
21.4   24.4      0.7   0.8      22.88    0.75    -0.030     233         16         16
21.4   24.4      0.8   0.9      22.88    0.85    -0.034     169          8         12
21.4   24.4      0.9   1.1      22.88    0.97    -0.039     126          6          9
21.4   24.4      1.1   1.2      22.88    1.12    -0.046      80          7          6
21.4   24.4      1.2   1.5      22.88    1.32    -0.058    40.0        1.6        3.0
21.4   24.4      1.5   2.0      22.88    1.68    -0.083    10.4        0.5        0.8
21.4   24.4      2.0   2.8      22.88    2.22    -0.132    1.16       0.12       0.09
24.4   27.7      0.4   0.6      26.02    0.47    -0.019     209         50         15
24.4   27.7      0.6   0.7      26.02    0.62    -0.022     221          8         16
24.4   27.7      0.7   0.8      26.02    0.75    -0.025     202         13         14
24.4   27.7      0.8   0.9      26.02    0.85    -0.029     160          8         11
24.4   27.7      0.9   1.1      26.02    0.97    -0.033   112.5        4.2        7.9
24.4   27.7      1.1   1.2      26.02    1.12    -0.040      80          5          6
24.4   27.7      1.2   1.5      26.02    1.32    -0.050    40.3        2.9        3.0
24.4   27.7      1.5   2.0      26.02    1.68    -0.072    11.3        1.1        0.8
24.4   27.7      2.0   2.8      26.02    2.23    -0.116    1.31       0.12       0.10
27.7   31.4      0.4   0.6      29.52    0.47    -0.015     247         28         17
27.7   31.4      0.6   0.7      29.52    0.62    -0.018     195         36         14
27.7   31.4      0.7   0.8      29.52    0.75    -0.021     176         13         12
27.7   31.4      0.8   0.9      29.52    0.85    -0.024     148          6         10
27.7   31.4      0.9   1.1      29.52    0.97    -0.028   103.2        4.0        7.2
27.7   31.4      1.1   1.2      29.52    1.12    -0.034    70.3        4.5        5.3
27.7   31.4      1.2   1.5      29.52    1.33    -0.043    36.5        2.3        2.7
27.7   31.4      1.5   2.0      29.52    1.68    -0.062     9.8        0.7        0.7
27.7   31.4      2.0   2.8      29.52    2.23    -0.101    1.36       0.19       0.10
31.4   35.5      0.4   0.6      33.41    0.47    -0.012     426        112         37
31.4   35.5      0.6   0.7      33.41    0.62    -0.015     155         33         11
31.4   35.5      0.7   0.8      33.41    0.75    -0.018     142         11         10
31.4   35.5      0.8   0.9      33.41    0.85    -0.020     132         15          9
31.4   35.5      0.9   1.1      33.41    0.97    -0.024    88.4        3.6        6.2
31.4   35.5      1.1   1.2      33.41    1.12    -0.029    64.1        2.6        5.3
31.4   35.5      1.2   1.5      33.41    1.33    -0.037    30.6        4.1        2.5
31.4   35.5      1.5   2.0      33.41    1.68    -0.054   10.43       0.48       0.86
31.4   35.5      2.0   2.8      33.41    2.23    -0.088    1.43       0.11       0.12
#
35.5   40.0      0.4   0.6      37.71    0.47    -0.010     297         50         26
35.5   40.0      0.6   0.7      37.71    0.62    -0.012     226         33         19
35.5   40.0      0.7   0.8      37.71    0.75    -0.015     134         18         11
35.5   40.0      0.8   0.9      37.71    0.85    -0.017     100         22          9
35.5   40.0      0.9   1.1      37.71    0.97    -0.020      78         10          6
35.5   40.0      1.1   1.2      37.71    1.12    -0.024    56.4        4.4        4.6
35.5   40.0      1.2   1.5      37.71    1.33    -0.032    30.2        1.6        2.5
35.5   40.0      1.5   2.0      37.71    1.68    -0.047     9.2        0.5        0.8
35.5   40.0      2.0   2.8      37.71    2.23    -0.077    1.45       0.10       0.12
35.5   40.0      2.8   4.0      37.71    3.06    -0.139   0.074      0.018      0.006
40.0   45.0      0.6   0.7      42.46    0.62    -0.009     201         18         17
40.0   45.0      0.7   0.8      42.46    0.75    -0.012     145          8         12
40.0   45.0      0.8   0.9      42.46    0.85    -0.014     106          7          9
40.0   45.0      0.9   1.1      42.46    0.97    -0.016      70         14          6
40.0   45.0      1.1   1.2      42.46    1.12    -0.020    46.5        3.5        3.8
40.0   45.0      1.2   1.5      42.46    1.33    -0.027    28.1        1.1        2.3
40.0   45.0      1.5   2.0      42.46    1.69    -0.040    9.14       0.42       0.75
40.0   45.0      2.0   2.8      42.46    2.24    -0.067    1.39       0.10       0.11
40.0   45.0      2.8   4.0      42.46    3.08    -0.124   0.077      0.018      0.007
45.0   50.5      0.6   0.7      47.70    0.62    -0.007     146          6         13
45.0   50.5      0.7   0.8      47.70    0.75    -0.009     136          9         12
45.0   50.5      0.8   0.9      47.70    0.85    -0.011     104          9          9
45.0   50.5      0.9   1.1      47.70    0.97    -0.013    70.4        4.2        6.0
45.0   50.5      1.1   1.2      47.70    1.12    -0.016    42.6        3.8        3.5
45.0   50.5      1.2   1.5      47.70    1.33    -0.022    24.0        1.0        2.0
45.0   50.5      1.5   2.0      47.70    1.69    -0.034    8.58       0.39       0.71
45.0   50.5      2.0   2.8      47.70    2.24    -0.058    1.43       0.10       0.12
45.0   50.5      2.8   4.0      47.70    3.09    -0.109   0.086      0.020      0.007
50.5   56.7      0.7   0.8      53.54    0.75    -0.006     114          7         10
50.5   56.7      0.8   0.9      53.54    0.85    -0.008    87.9        3.6        7.5
50.5   56.7      0.9   1.1      53.54    0.97    -0.010    66.0        2.6        5.6
50.5   56.7      1.1   1.2      53.54    1.12    -0.013    39.4        1.7        3.4
50.5   56.7      1.2   1.5      53.54    1.33    -0.018    20.8        0.9        1.7
50.5   56.7      1.5   2.0      53.54    1.69    -0.029    7.92       0.36       0.65
50.5   56.7      2.0   2.8      53.54    2.24    -0.051    1.30       0.10       0.11
50.5   56.7      2.8   4.0      53.54    3.09    -0.096   0.076      0.015      0.007
56.7   63.5      0.8   0.9      60.04    0.85    -0.005    76.0        3.5        6.5
56.7   63.5      0.9   1.1      60.04    0.97    -0.007    60.6        4.3        5.2
56.7   63.5      1.1   1.2      60.04    1.12    -0.010    38.1        1.6        3.3
56.7   63.5      1.2   1.5      60.04    1.33    -0.014    19.0        0.8        1.6
56.7   63.5      1.5   2.0      60.04    1.69    -0.024    6.72       0.31       0.55
56.7   63.5      2.0   2.8      60.04    2.24    -0.043    1.40       0.11       0.12
56.7   63.5      2.8   4.0      60.04    3.09    -0.083   0.082      0.015      0.007
#
63.5   71.0      0.8   0.9      67.18    0.85    -0.002      56          6          5
63.5   71.0      0.9   1.1      67.18    0.97    -0.004    48.9        2.1        4.2
63.5   71.0      1.1   1.2      67.18    1.12    -0.007    33.7        2.0        2.9
63.5   71.0      1.2   1.5      67.18    1.33    -0.011    19.4        1.9        1.7
63.5   71.0      1.5   2.0      67.18    1.69    -0.019    6.24       0.30       0.51
63.5   71.0      2.0   2.8      67.18    2.24    -0.037    1.22       0.08       0.10
63.5   71.0      2.8   4.0      67.18    3.09    -0.072   0.092      0.017      0.008
71.0   79.3      0.9   1.1      75.07    0.97    -0.001    43.8        2.4        4.0
71.0   79.3      1.1   1.2      75.07    1.12    -0.004    29.6        1.3        2.5
71.0   79.3      1.2   1.5      75.07    1.33    -0.007    16.9        1.3        1.4
71.0   79.3      1.5   2.0      75.07    1.69    -0.015    5.44       0.30       0.46
71.0   79.3      2.0   2.8      75.07    2.24    -0.030    1.16       0.10       0.10
71.0   79.3      2.8   4.0      75.07    3.10    -0.063   0.075      0.013      0.006
79.3   88.5      1.1   1.2      83.81    1.12    -0.001    24.3        2.4        2.2
79.3   88.5      1.2   1.5      83.81    1.33    -0.004    14.8        1.0        1.3
79.3   88.5      1.5   2.0      83.81    1.69    -0.011    5.24       0.58       0.45
79.3   88.5      2.0   2.8      83.81    2.25    -0.025    1.04       0.09       0.09
79.3   88.5      2.8   4.0      83.81    3.11    -0.054   0.081      0.015      0.007
88.5   98.7      1.2   1.5      93.50    1.33    -0.001    12.8        1.2        1.1
88.5   98.7      1.5   2.0      93.50    1.69    -0.007    4.65       0.84       0.40
88.5   98.7      2.0   2.8      93.50    2.25    -0.019    0.91       0.09       0.07
88.5   98.7      2.8   4.0      93.50    3.11    -0.046   0.067      0.014      0.006
98.7  110.0      1.2   1.5     104.23    1.33     0.003    10.8        1.6        1.0
98.7  110.0      1.5   2.0     104.23    1.69    -0.003    4.43       1.08       0.38
98.7  110.0      2.0   2.8     104.23    2.25    -0.014    0.80       0.19       0.07
98.7  110.0      2.8   4.0     104.23    3.12    -0.038   0.066      0.018      0.006
#
#
# end
