6.1500000000000004       5.62485351676940484E-002  0.40805801782503753       5.65226434718204135E-002  1.69567930415461237E-003
6.1500000000000004       8.99940001199988626E-002  0.40874211333529503       5.10746778359823100E-002  1.53224033507946920E-003
6.1500000000000004       0.13497975091123046       0.41014529920335757       5.44796563583811316E-002  1.63438969075143390E-003
6.1500000000000004       0.17995200383985371       0.41210956297033197       4.94856878588628632E-002  1.48457063576588584E-003
6.1500000000000004       0.22490626171805250       0.41463470821147735       4.63077079046239556E-002  1.38923123713871870E-003
6.1500000000000004       0.26983802915750066       0.41772048241437365       4.35837250867049039E-002  1.30751175260114690E-003
6.1500000000000004       0.31474281301889745       0.42136657700417379       3.76817623145469516E-002  1.50727049258187785E-003
6.1500000000000004       7.49980468902587405E-002  0.47061678476330082       2.66531856204103544E-002  7.99595568612310723E-004
6.1500000000000004       0.11999200015999847       0.47152891211031195       2.51349661863363473E-002  7.54048985590090445E-004
6.1500000000000004       0.17997300121497395       0.47339982660106084       2.29419825593405596E-002  6.88259476780216854E-004
6.1500000000000004       0.23993600511980495       0.47601884495702634       2.09176899805752145E-002  6.27530699417256374E-004
6.1500000000000004       0.29987501562406998       0.47938570527855351       1.80499421606576463E-002  5.41498264819729362E-004
6.1500000000000004       0.35978403887666754       0.48350007088241653       1.55364455420240102E-002  4.66093366260720318E-004
6.1500000000000004       0.41965708402519664       0.48836153033548363       1.26686977221064402E-002  3.80060931663193198E-004
6.1500000000000004       9.99973958536783114E-002  0.57199402478132033       6.99760970886889773E-003  2.09928291266066916E-004
6.1500000000000004       0.15998933354666464       0.57321019457733480       6.39349951817518025E-003  1.91804985545255413E-004
6.1500000000000004       0.23996400161996528       0.57570474723166742       6.10403005180110668E-003  1.83120901554033192E-004
6.1500000000000004       0.31991467349307329       0.57919677170628847       4.31687073766552458E-003  1.29506122129965744E-004
6.1500000000000004       0.39983335416542665       0.58368591880165732       3.54914737032559170E-003  1.06474421109767754E-004
6.1500000000000004       0.47971205183555676       0.58917173960680747       2.86952340579515889E-003  8.60857021738547731E-005
6.1500000000000004       0.55954277870026214       0.59565368554423082       1.93818686180901147E-003  5.81456058542703438E-005
6.1500000000000004       0.12499674481709788       0.68276086750893128       1.42623321179111509E-003  5.70493284716446004E-005
6.1500000000000004       0.19998666693333081       0.68428107975395025       1.17513581534901758E-003  3.52540744604705228E-005
6.1500000000000004       0.29995500202495662       0.68739927057186534       9.02946237605783421E-004  2.70883871281735041E-005
6.1500000000000004       0.34992854604336199       0.68942595525599215       6.94033203765958141E-004  2.77613281506383261E-005
6.1500000000000004       0.39989334186634162       0.69176430116514076       6.61892737021369578E-004  1.98567821106410869E-005
6.1500000000000004       0.49979169270678331       0.69737573503435357       4.40927028152323709E-004  1.32278108445697090E-005
6.1500000000000004       0.59964006479444598       0.70423301104079228       2.86251031943991405E-004  1.14500412777596566E-005
6.1500000000000004       0.69942847337532765       0.71233544346257049       1.96860358810604637E-004  7.87441435242418554E-006
6.1500000000000004       0.13749641929880768       0.74008017474069521       4.58932231138529164E-004  1.37679669341558742E-005
6.1500000000000004       0.21998533362666389       0.74175240821021360       4.05101213967210591E-004  1.62040485586884247E-005
6.1500000000000004       0.32995050222745226       0.74518241810992114       2.84665717922904799E-004  1.13866287169161931E-005
6.1500000000000004       0.38492140064769814       0.74741177126246094       2.14411678563726358E-004  1.28647007138235830E-005
6.1500000000000004       0.43988267605297576       0.74998395176252541       1.90689535403484287E-004  7.62758141613937161E-006
6.1500000000000004       0.54977086197746161       0.75615652901865782       1.14048765193471469E-004  4.56195060773885899E-006
6.1500000000000004       0.65960407127389054       0.76369953262574020       6.98890833105593056E-005  3.49445416552796604E-006
6.1500000000000004       0.76937132071286041       0.77261220828969646       3.82291460928516319E-005  1.91145730464258202E-006
6.1500000000000004       0.14999609378051748       0.79826300038560860       1.19530168083056468E-004  4.78120672332225876E-006
6.1500000000000004       0.23998400031999695       0.80008725507963085       1.03648537358734272E-004  4.14594149434937096E-006
6.1500000000000004       0.35994600242994790       0.80382908406112863       6.99627627171456318E-005  3.49813813585728201E-006
6.1500000000000004       0.41991425525203435       0.80626110568208154       4.28804029556699058E-005  4.28804029556699075E-006
6.1500000000000004       0.47987201023960990       0.80906712077305942       3.53575252441488749E-005  2.12145151464893229E-006
6.1500000000000004       0.59975003124813997       0.81580084141611398       1.95594820499546918E-005  1.36916374349682870E-006
6.1500000000000004       0.71956807775333509       0.82402957262383980       1.21201918685616686E-005  1.09081726817055026E-006
6.1500000000000004       0.83931416805039327       0.83375249152997422       5.33288442216713467E-006  5.86617286438384810E-007
6.1500000000000004       0.16249576826222725       0.85711124792663584       2.02833633539861090E-005  1.21700180123916634E-006
6.1500000000000004       0.25998266701333006       0.85908752384515752       1.51932417518451085E-005  1.21545934014760856E-006
6.1500000000000004       0.38994150263244359       0.86314117190845008       7.94367462152307674E-006  7.14930715937076847E-007
6.1500000000000004       0.45490710985637056       0.86577586199781387       5.65311990055962695E-006  5.08780791050366476E-007
6.1500000000000004       0.51986134442624410       0.86881571167970750       4.94358779844300202E-006  5.43794657828730239E-007
6.1500000000000004       0.64972920051881833       0.87611057570968154       2.37539008099913356E-006  4.51324115389835365E-007
6.1500000000000004       0.77953208423277975       0.88502503451805115       7.94367462152307632E-007  2.70084937131784624E-007
6.1500000000000004       0.90925701538792603       0.89555819666636360       5.36005229316362939E-007  2.19762144019708841E-007
6.1500000000000004       0.17499544274393705       0.91648304599022201       1.47472749478591850E-006  2.35956399165746947E-007
6.1500000000000004       0.27998133370666312       0.91861134313324766       9.16335530740764984E-007  2.56573948607414210E-007
6.1500000000000004       0.41993700283493923       0.92297681027833023       2.11902591483801887E-007  1.22903503060605072E-007
6.1500000000000004       0.48989996446070672       0.92581416883610490       3.64386550896132246E-007  1.78549409939104788E-007
6.1500000000000004       0.55985067861287829       0.92908785310891673       1.74676460547458301E-007  1.01312347117525797E-007
6.1500000000000004       0.69970836978949658       0.93694386052581036       1.77540009081023194E-007  1.02973205266993448E-007
6.1500000000000004       0.83949609071222431       0.94654404693482597       1.68949363480328541E-007  1.19954048071033247E-007
6.1500000000000004       0.16874560550308215       0.88673893863259357       3.71263308088246769E-006  6.68273954558844159E-007
6.1500000000000004       0.17249550784759510       0.90457223911519813       2.11356118784858757E-006  4.86119073205175137E-007
6.1500000000000004       0.17624541019210802       0.92244475256664671       7.25003219783988362E-007  2.10250933737356596E-007
6.1500000000000004       0.17999531253662096       0.94035403887012847       3.96672219640802838E-007  9.91680549102007096E-008
