###################
# Cream C         #
###################
#
# Taken from  doi:10.1088/0004-637X/707/1/593
#
# Column  1:    Ekin in GeV/nucleon (binStart)
# Column  2:    Ekin in GeV/nucleon (binEnd)
# Column  3:    Ekin in GeV/nucleon (mean)
# Column  4:    Ratio B/C
# Column  5:    sigam stat
# Column  6:    sigam sys +
# Column  7:    sigam sys -
# Column  8:    facort (for columns 4-7)
#
0.44    0.58    0.49     3,28     0,09     0,23     0,22     1e-01
0.58    0.76    0.65     3,24     0,07     0,23     0,21     1e-01
0.76    1.00    0.85     3,34     0,07     0,24     0,22     1e-01
1.00    1.30    1.13     3,21     0,07     0,23     0,21     1e-01
1.30    1.71    1.50     3,22     0,07     0,24     0,22     1e-01
1.71    2.24    1.94     2,89     0,07     0,22     0,2      1e-01
2.24    2.93    2.53     2,8      0,07     0,21     0,2      1e-01
2.93    3.84    3.34     2,59     0,09     0,23     0,21     1e-01
3.84    5.03    4.36     2,49     0,1      0,22     0,21     1e-01
5.03    6.60    5.73     2,32     0,1      0,21     0,2      1e-01
6.60    8.65    7.49     2,134    0,1      0,2      0,019    1e-01
8.65    11.3    9.81     2,128    0,12     0,2      0,2      1e-01
11.3    14.9    12.9     1,99     0,13     0,2      0,19     1e-01
14.9    19.5    16.9     1,73     0,15     0,17     0,17     1e-01
19.5    25.5    22.1     1,45     0,16     0,14     0,14     1e-01
25.5    43.8    32.6     1,22     0,13     0,09     0,09     1e-01
43.8    75.3    55.7     1,11     0,18     0,08     0,08     1e-01
75.3    129     95.6     10       2        0,7      0,7      1e-02
