# Abramov et al, 
# p + C -> pbar + X 
#
#
#
# Tab 1
#*  sqrt(s)              pT                   xR                   theta_LAB            pT                   inv CS               CS_stat              CS_sys               err_scale           
   11.5377120947        0.99                 0.290041594058       0.209614043165       0.99                 0.1324               0.0034               0                    0.1                 
   11.5377120947        1.55                 0.358891173106       0.209614043165       1.55                 0.00776              0.00016              0                    0.1                 
   11.5377120947        2.02                 0.432302371497       0.209614043165       2.02                 0.000632             1.4e-05              0                    0.1                 
   11.5377120947        2.98                 0.59720321837        0.209614043165       2.98                 2.81e-06             1e-07                0                    0.1                 
   11.5377120947        3.34                 0.661457312102       0.209614043165       3.34                 3.76e-07             2e-08                0                    0.1                 
   11.5377120947        4.0                  0.78099067884        0.209614043165       4.0                  1.06e-08             2.1e-09              0                    0.1                 
   11.5377120947        4.2                  0.817527614169       0.209614043165       4.2                  1.8e-09              5.1e-10              0                    0.1                 
   11.5377120947        4.27                 0.830342607767       0.209614043165       4.27                 9.7e-10              2.8e-10              0                    0.1                 
   11.5377120947        4.65                 0.900120435234       0.209614043165       4.65                 2.27e-10             8.2e-11              0                    0.1                 
#
#End Tab 1
#