# NA49,          doi: 10.1140/epjc/s10052-009-1172-2
#
# p + p -> pbar + x
#
#   hyperon correction applied
#
#  p_p/GeV       pT/GeV        xF          inv_CS/(mb/GeV^2)   CS_stat in %
###############################################################################
   158           0.1           -0.05           0.563           6.71
   158           0.1           -0.025          0.590           4.28
   158           0.1           0.00            0.581           3.66
   158           0.1           0.025           0.545           3.67
   158           0.1           0.05            0.499           3.87
   158           0.1           0.075           0.489           4.24
   158           0.1           0.1             0.391           4.52
   158           0.1           0.125           0.355           4.98
   158           0.1           0.15            0.260           7.36
   158           0.1           0.2             0.194           7.09
   158           0.1           0.25            0.115           11.5
   158           0.1           0.30            0.074           18.1
   158           0.1           0.35            0.0418          18.9
   158           0.1           0.40            0.0173          55.1
   158           0.2           -0.05           0.508           6.15
   158           0.2           -0.025          0.505           3.55
   158           0.2           0.00            0.509           2.98
   158           0.2           0.025           0.518           2.92
   158           0.2           0.05            0.473           3.12
   158           0.2           0.075           0.405           3.69
   158           0.2           0.1             0.379           4.04
   158           0.2           0.125           0.300           4.49
   158           0.2           0.15            0.275           5.57
   158           0.2           0.2             0.183           7.15
   158           0.2           0.25            0.090           9.63
   158           0.2           0.30            0.0613          14.4
   158           0.3           -0.05           0.391           6.75
   158           0.3           -0.025          0.450           5.52
   158           0.3           0.00            0.450           3.88
   158           0.3           0.025           0.404           2.99
   158           0.3           0.05            0.401           2.79
   158           0.3           0.075           0.353           3.12
   158           0.3           0.1             0.320           3.56
   158           0.3           0.125           0.255           4.53
   158           0.3           0.15            0.199           5.84
   158           0.3           0.2             0.1654          4.69
   158           0.3           0.25            0.0941          8.96
   158           0.3           0.30            0.0429          14.7
   158           0.3           0.35            0.0270          13.8
   158           0.3           0.40            0.0137          29.5
   158           0.4           -0.05           0.287           7.61
   158           0.4           -0.025          0.338           6.23
   158           0.4           0.00            0.324           4.90
   158           0.4           0.025           0.311           3.61
   158           0.4           0.05            0.2848          3.17
   158           0.4           0.075           0.2918          3.38
   158           0.4           0.1             0.237           4.38
   158           0.4           0.125           0.203           4.98
   158           0.4           0.15            0.165           6.14
   158           0.4           0.2             0.1154          7.52
   158           0.4           0.25            0.0645          10.5
   158           0.4           0.30            0.0425          12.5
   158           0.5           -0.05           0.222           8.16
   158           0.5           -0.025          0.260           6.77
   158           0.5           0.00            0.230           5.48
   158           0.5           0.025           0.262           4.31
   158           0.5           0.05            0.2324          3.22
   158           0.5           0.075           0.2031          3.52
   158           0.5           0.1             0.1761          4.38
   158           0.5           0.125           0.1350          5.55
   158           0.5           0.15            0.1231          5.73
   158           0.5           0.2             0.0860          5.76
   158           0.5           0.25            0.0463          10.3
   158           0.5           0.30            0.0266          13.9
   158           0.5           0.35            0.0161          13.6
   158           0.5           0.40            0.0082          25.9
   158           0.6           -0.05           0.163           8.52
   158           0.6           -0.025          0.178           8.99
   158           0.6           0.00            0.178           6.67
   158           0.6           0.025           0.1587          5.37
   158           0.6           0.05            0.1511          4.82
   158           0.6           0.075           0.1211          4.82
   158           0.6           0.1             0.1255          4.72
   158           0.6           0.125           0.1005          6.69
   158           0.6           0.15            0.0787          6.64
   158           0.6           0.2             0.0578          8.62
   158           0.6           0.25            0.0427          8.40
   158           0.6           0.30            0.0190          14.9
   158           0.7           -0.05           0.117           9.82
   158           0.7           -0.025          0.103           10.4
   158           0.7           0.00            0.1102          8.17
   158           0.7           0.025           0.1168          6.29
   158           0.7           0.05            0.1141           5.46
   158           0.7           0.075           0.0929           5.56
   158           0.7           0.1             0.0830           4.71
   158           0.7           0.125           0.0705           5.72
   158           0.7           0.15            0.0596           8.66
   158           0.7           0.2             0.0443           9.05
   158           0.7           0.25            0.0191           14.2
   158           0.7           0.30            0.0162           14.7
   158           0.7           0.35            0.0092           16.4
   158           0.7           0.40            0.0062           21.8
   158           0.8           -0.05           0.0534           15.7
   158           0.8           -0.025          0.0862           9.83
   158           0.8           0.00            0.0845           8.84
   158           0.8           0.025           0.0773           7.93
   158           0.8           0.05            0.0637           7.22
   158           0.8           0.075           0.0614           7.24
   158           0.8           0.1             0.0600           6.58
   158           0.8           0.125           0.0382           9.29
   158           0.8           0.15            0.0346           10.8
   158           0.8           0.2             0.0235           8.27
   158           0.8           0.25            0.0151           14.8
   158           0.8           0.30            0.0132           15.0
   158           0.9           -0.05           0.0432           15.5
   158           0.9           -0.025          0.0427           13.9
   158           0.9           0.00            0.0481           12.2
   158           0.9           0.025           0.0409           10.7
   158           0.9           0.05            0.0385           9.07
   158           0.9           0.075           0.0441           8.11
   158           0.9           0.1             0.0363           8.59
   158           0.9           0.125           0.0275            10.9
   158           0.9           0.15            0.0242            10.0
   158           0.9           0.2             0.0190            11.5
   158           0.9           0.25            0.0141            11.7
   158           0.9           0.30            0.0061            21.7
   158           0.9           0.35            0.00435           20.6
   158           0.9           0.40            0.00189           38.0
   158           1.1           -0.05           0.0155            12.3
   158           1.1           0.00            0.0194            8.12
   158           1.1           0.05            0.0153            7.39
   158           1.1           0.1             0.0142            7.32
   158           1.1           0.15            0.01008           9.15
   158           1.1           0.2             0.00796           8.63
   158           1.1           0.25            0.00447           16.1
   158           1.1           0.30            0.00230           22.1
   158           1.1           0.35            0.00182           27.0
   158           1.1           0.40            0.00073           54.0
   158           1.3           -0.05           0.0095            14.7
   158           1.3           0.00            0.00532           16.9
   158           1.3           0.05            0.00515           13.3
   158           1.3           0.1             0.00521           12.6
   158           1.3           0.15            0.00403           15.5
   158           1.3           0.2             0.00255           15.2
   158           1.3           0.25            0.00152           21.7
   158           1.3           0.30            0.00128           27.1
   158           1.5           -0.05           0.00272           27.1
   158           1.5           0.00            0.00258           23.8
   158           1.5           0.05            0.00241           20.2
   158           1.5           0.1             0.00179           21.4
   158           1.5           0.15            0.00127           22.8
   158           1.5           0.2             0.00068           30.4
   158           1.5           0.25            0.00057           34.5
