#       p_LAB  / GeV                    y              p_T/GeV     dn/dy/dpT  / GeV                 stat                  sys
                  31                  0.1                 0.05           0.00115976           0.00022905          0.000120818
                  31                  0.1                 0.15            0.0036815          0.000602661           0.00029156
                  31                  0.1                 0.25           0.00638132          0.000895809          0.000742849
                  31                  0.1                 0.35           0.00571654            0.0008696            0.0008696
                  31                  0.1                 0.45           0.00478075           0.00083721          0.000671121
                  31                  0.1                 0.55           0.00329798          0.000651346          0.000423716
                  31                  0.1                 0.65           0.00257484          0.000592035          0.000330808
                  31                  0.1                 0.75           0.00268328           0.00064519          0.000376679
                  31                  0.1                 0.85           0.00247078           0.00076632          0.000375854
                  31                  0.3                 0.05           0.00119041          0.000402615          0.000167213
                  31                  0.3                 0.15            0.0039411          0.000645548          0.000645548
                  31                  0.3                 0.25            0.0057936          0.000881859          0.000881859
                  31                  0.3                 0.35           0.00702447           0.00123087          0.000903044
                  31                  0.3                 0.45           0.00373004          0.000653602          0.000434484
                  31                  0.3                 0.55           0.00416411          0.000776598          0.000584916
                  31                  0.3                 0.65           0.00348203          0.000726286          0.000447639
                  31                  0.3                 0.75           0.00165624          0.000327299          0.000212921
                  31                  0.3                 0.85           0.00257252           0.00047977          0.000361352
                  31                  0.5                 0.05          0.000601014          0.000144596          7.00076e-05
                  31                  0.5                 0.15           0.00234703          0.000463809          0.000329678
                  31                  0.5                 0.25           0.00345023           0.00052517          0.000401892
                  31                  0.5                 0.35           0.00521353          0.000793565          0.000793565
                  31                  0.5                 0.45           0.00335658          0.000588161          0.000431511
                  31                  0.5                 0.55           0.00216103          0.000750438          0.000303552
                  31                  0.5                 0.65           0.00161869          0.000547464          0.000168734
                  31                  0.5                 0.75           0.00147005          0.000257591          0.000206492
                  31                  0.7                 0.05          0.000554449          0.000109503          7.12342e-05
                  31                  0.7                 0.15           0.00164309          0.000412121          0.000268972
                  31                  0.7                 0.25           0.00219318           0.00043315          0.000255308
                  31                  0.7                 0.35           0.00335901          0.000626074          0.000510972
                  31                  0.7                 0.45           0.00147192          0.000274346          0.000189108
                  31                  0.7                 0.55           0.00193788          0.000544735          0.000272039
                  31                  0.7                 0.65           0.00185956          0.000282876          0.000282876
                  31                  0.9                 0.05          0.000492909          8.06891e-05          6.91946e-05
                  31                  0.9                 0.15           0.00102162          0.000345342          0.000167239
                  31                  0.9                 0.25           0.00165316          0.000344615          0.000212393
                  31                  0.9                 0.35           0.00189686          0.000436148          0.000243704
                  31                  0.9                 0.45           0.00169926          0.000297576          0.000238541
                  31                  0.9                 0.55          0.000557848           0.00013992          7.16709e-05
                  31                  0.9                 0.65          0.000330807          7.25357e-05          3.85093e-05