# barton et al, 
# doi.org/10.1103/PhysRevD.27.2580 
# p + C -> pbar + X 
#
#
#
# Tab 1
#*  sqrt(s)              pT                   xR                   pT                   p_lab                inv CS               CS_stat              CS_sys               err_scale           
   13.7631168416        0.18                 0.526971360816       0.18                 50.0                 0.079                0.098                0                    0.1                 
   13.7631168416        0.18                 0.833307500901       0.18                 80.0                 0.0                  0.043                0                    0.1                 
   13.7631168416        0.3                  0.328005848474       0.3                  30.0                 1.02                 0.35                 0                    0.1                 
   13.7631168416        0.3                  0.426910829942       0.3                  40.0                 0.12                 0.1                  0                    0.1                 
   13.7631168416        0.3                  0.527603014852       0.3                  50.0                 0.113                0.086                0                    0.1                 
   13.7631168416        0.3                  0.629189081177       0.3                  60.0                 0.018                0.034                0                    0.1                 
   13.7631168416        0.3                  0.731286019066       0.3                  70.0                 0.0                  0.016                0                    0.1                 
   13.7631168416        0.3                  0.833702281729       0.3                  80.0                 0.0                  0.027                0                    0.1                 
   13.7631168416        0.3                  0.915792060304       0.3                  88.0                 0.0                  0.012                0                    0.1                 
   13.7631168416        0.5                  0.330930413147       0.5                  30.0                 0.1                  0.16                 0                    0.1                 
   13.7631168416        0.5                  0.834798904462       0.5                  80.0                 0.0                  0.025                0                    0.1                 
#
#End Tab 1
#