# sugaya et al, 1998
# Subthreshold antiproton production in pA, dA and aA reactions,  doi: 10.1016/S0375-9474(98)00122-5 
# p + C -> pbar + X 
#
#
#
# Tab 1
#*  sqrt(s)              pT                   xR                   theta_LAB            p                    inv CS               CS_stat              CS_sys               err_scale           
   3.33817761812        0.0888942968667      1.58571351979        0.089011791852       1.0                  0.000451             3.9e-05              0.016                0.1                 
   3.33817761812        0.1333414453         1.54556730425        0.089011791852       1.5                  0.000663             6.7e-05              0.016                0.1                 
   3.33817761812        0.177788593733       1.62663423776        0.089011791852       2.0                  0.000366             3.7e-05              0.016                0.1                 
   3.33817761812        0.222235742167       1.76924251145        0.089011791852       2.5                  6.19e-05             7.1e-06              0.016                0.1                 
   3.04415598278        0.0888942968667      2.60664231467        0.089011791852       1.0                  4e-05                4.8e-06              0.016                0.1                 
   3.04415598278        0.1333414453         2.63274924465        0.089011791852       1.5                  2.48e-05             2.5e-06              0.016                0.1                 
   3.04415598278        0.177788593733       2.84470804201        0.089011791852       2.0                  1.18e-06             4.5e-07              0.016                0.1                 
   2.88593374252        0.0888942968667      4.24254466456        0.089011791852       1.0                  1.38e-06             4e-07                0.016                0.1                 
   2.88593374252        0.1333414453         4.37826489419        0.089011791852       1.5                  9.41e-07             2.34e-07             0.016                0.1                 
   4.92739677196        0.0888942968667      0.675992182868       0.089011791852       1.0                  0.0534               0.0006               0.016                0.1                 
   4.92739677196        0.1333414453         0.58220794375        0.089011791852       1.5                  0.173                0.001                0.016                0.1                 
   4.92739677196        0.177788593733       0.551253556516       0.089011791852       2.0                  0.273                0.001                0.016                0.1                 
   4.92739677196        0.222235742167       0.552198623406       0.089011791852       2.5                  0.279                0.001                0.016                0.1                 
#
#End Tab 1
#