# NA49, DOI:10.1140/epjc/s10052-013-2364-3
# p + C -> pbar + X 
 #
#
#
# Tab 1
#*  sqrt(s)              pT                   xR                   pT                   xf                   inv CS               CS_stat              CS_sys               err_scale           
   17.2702030841        0.1                  -0.233416605442      0.1                  -0.2                 3.29                 0.58891              0.24017              0.025               
   17.2702030841        0.2                  -0.234318887097      0.2                  -0.2                 2.51                 0.37148              0.18323              0.025               
   17.2702030841        0.3                  -0.235815018126      0.3                  -0.2                 2.11                 0.27852              0.15403              0.025               
   17.2702030841        0.4                  -0.237893794512      0.4                  -0.2                 1.56                 0.20748              0.11388              0.025               
   17.2702030841        0.5                  -0.240540110854      0.5                  -0.2                 1.17                 0.19422              0.08541              0.025               
   17.2702030841        0.7                  -0.247458639299      0.7                  -0.2                 0.617                0.08638              0.045041             0.025               
   17.2702030841        0.9                  -0.256393101459      0.9                  -0.2                 0.25                 0.049                0.01825              0.025               
   17.2702030841        1.1                  -0.267141306925      1.1                  -0.2                 0.103                0.028222             0.007519             0.025               
   17.2702030841        1.3                  -0.279494086402      1.3                  -0.2                 0.041                0.016646             0.002993             0.025               
   17.2702030841        0.1                  -0.19007006959       0.1                  -0.15                4.11                 0.51375              0.30003              0.025               
   17.2702030841        0.2                  -0.191177039699      0.2                  -0.15                3.81                 0.348234             0.27813              0.025               
   17.2702030841        0.3                  -0.193007881787      0.3                  -0.15                3.12                 0.264888             0.22776              0.025               
   17.2702030841        0.4                  -0.195542264294      0.4                  -0.15                2.2                  0.19272              0.1606               0.025               
   17.2702030841        0.5                  -0.198753275666      0.5                  -0.15                1.63                 0.17278              0.11899              0.025               
   17.2702030841        0.6                  -0.202608748133      0.6                  -0.15                1.19                 0.16184              0.08687              0.025               
   17.2702030841        0.7                  -0.207072687291      0.7                  -0.15                0.82                 0.11316              0.05986              0.025               
   17.2702030841        0.9                  -0.217671178923      0.9                  -0.15                0.359                0.053491             0.026207             0.025               
   17.2702030841        1.1                  -0.230234223181      1.1                  -0.15                0.146                0.030952             0.010658             0.025               
   17.2702030841        1.3                  -0.2444591254        1.3                  -0.15                0.069                0.019941             0.005037             0.025               
   17.2702030841        0.1                  -0.151706021054      0.1                  -0.1                 4.8                  0.4944               0.3504               0.025               
   17.2702030841        0.2                  -0.153090646279      0.2                  -0.1                 4.22                 0.327472             0.30806              0.025               
   17.2702030841        0.3                  -0.155370936477      0.3                  -0.1                 3.53                 0.243923             0.25769              0.025               
   17.2702030841        0.4                  -0.158508241411      0.4                  -0.1                 2.81                 0.207097             0.20513              0.025               
   17.2702030841        0.5                  -0.162452916434      0.5                  -0.1                 2.1                  0.17409              0.1533               0.025               
   17.2702030841        0.6                  -0.167147809708      0.6                  -0.1                 1.4                  0.1414               0.1022               0.025               
   17.2702030841        0.7                  -0.17253168779       0.7                  -0.1                 1.04                 0.12688              0.07592              0.025               
   17.2702030841        0.9                  -0.185118415085      0.9                  -0.1                 0.44                 0.05192              0.03212              0.025               
   17.2702030841        1.1                  -0.199739537883      1.1                  -0.1                 0.203                0.032886             0.014819             0.025               
   17.2702030841        1.3                  -0.215982289694      1.3                  -0.1                 0.078                0.02028              0.005694             0.025               
   17.2702030841        0.1                  -0.135740733527      0.1                  -0.075               5.01                 0.463425             0.36573              0.025               
   17.2702030841        0.2                  -0.137286473815      0.2                  -0.075               5.05                 0.341885             0.36865              0.025               
   17.2702030841        0.3                  -0.139824739643      0.3                  -0.075               4.25                 0.2533               0.31025              0.025               
   17.2702030841        0.4                  -0.143302800076      0.4                  -0.075               3.01                 0.263676             0.21973              0.025               
   17.2702030841        0.5                  -0.147654258226      0.5                  -0.075               2.27                 0.24062              0.16571              0.025               
   17.2702030841        0.6                  -0.152804516309      0.6                  -0.075               1.48                 0.17908              0.10804              0.025               
   17.2702030841        0.7                  -0.158675811661      0.7                  -0.075               1.14                 0.15162              0.08322              0.025               
   17.2702030841        0.9                  -0.172277849761      0.9                  -0.075               0.537                0.069273             0.039201             0.025               
   17.2702030841        0.1                  -0.12307545696       0.1                  -0.05                5.5                  0.46475              0.4015               0.025               
   17.2702030841        0.2                  -0.124778192246      0.2                  -0.05                5.53                 0.3318               0.40369              0.025               
   17.2702030841        0.3                  -0.127565587773      0.3                  -0.05                4.5                  0.24885              0.3285               0.025               
   17.2702030841        0.4                  -0.131368618312      0.4                  -0.05                3.38                 0.268034             0.24674              0.025               
   17.2702030841        0.5                  -0.136102172429      0.5                  -0.05                2.52                 0.211932             0.18396              0.025               
   17.2702030841        0.6                  -0.141673009328      0.6                  -0.05                1.75                 0.189                0.12775              0.025               
   17.2702030841        0.7                  -0.147986602683      0.7                  -0.05                1.13                 0.14464              0.08249              0.025               
   17.2702030841        0.9                  -0.162485934424      0.9                  -0.05                0.522                0.06525              0.038106             0.025               
   17.2702030841        1.1                  -0.17896573492       1.1                  -0.05                0.235                0.03055              0.017155             0.025               
   17.2702030841        1.3                  -0.196929430871      1.3                  -0.05                0.089                0.017444             0.006497             0.025               
   17.2702030841        0.1                  -0.114807582182      0.1                  -0.025               5.41                 0.442538             0.39493              0.025               
   17.2702030841        0.2                  -0.116631085396      0.2                  -0.025               5.27                 0.309876             0.38471              0.025               
   17.2702030841        0.3                  -0.1196084947        0.3                  -0.025               4.49                 0.236623             0.32777              0.025               
   17.2702030841        0.4                  -0.123656486678      0.4                  -0.025               3.46                 0.185802             0.25258              0.025               
   17.2702030841        0.5                  -0.128674061723      0.5                  -0.025               2.61                 0.211149             0.19053              0.025               
   17.2702030841        0.6                  -0.134552794072      0.6                  -0.025               1.8                  0.1647               0.1314               0.025               
   17.2702030841        0.7                  -0.141185152882      0.7                  -0.025               1.24                 0.14756              0.09052              0.025               
   17.2702030841        0.9                  -0.156316639249      0.9                  -0.025               0.531                0.06372              0.038763             0.025               
   17.2702030841        0.1                  0.111915973837       0.1                  0.0                  4.95                 0.5049               0.2079               0.025               
   17.2702030841        0.2                  0.113785826684       0.2                  0.0                  4.54                 0.283296             0.19068              0.025               
   17.2702030841        0.3                  0.116835766261       0.3                  0.0                  4.45                 0.23407              0.1869               0.025               
   17.2702030841        0.4                  0.120976571993       0.4                  0.0                  3.56                 0.185476             0.14952              0.025               
   17.2702030841        0.5                  0.12610082646        0.5                  0.0                  2.44                 0.1403               0.10248              0.025               
   17.2702030841        0.6                  0.132094128053       0.6                  0.0                  1.89                 0.16443              0.07938              0.025               
   17.2702030841        0.7                  0.138843983189       0.7                  0.0                  1.35                 0.15255              0.0567               0.025               
   17.2702030841        0.9                  0.15420536949        0.9                  0.0                  0.532                0.068096             0.022344             0.025               
   17.2702030841        1.1                  0.171482801964       1.1                  0.0                  0.207                0.037053             0.008694             0.025               
   17.2702030841        1.3                  0.190154720786       1.3                  0.0                  0.091                0.023387             0.003822             0.025               
   17.2702030841        1.5                  0.209849220592       1.5                  0.0                  0.037                0.015096             0.001554             0.025               
   17.2702030841        0.1                  0.114807582182       0.1                  0.025                5.3                  0.4293               0.2226               0.025               
   17.2702030841        0.2                  0.116631085396       0.2                  0.025                4.88                 0.295728             0.20496              0.025               
   17.2702030841        0.3                  0.1196084947         0.3                  0.025                4.33                 0.232521             0.18186              0.025               
   17.2702030841        0.4                  0.123656486678       0.4                  0.025                3.0                  0.1701               0.126                0.025               
   17.2702030841        0.5                  0.128674061723       0.5                  0.025                2.36                 0.139948             0.09912              0.025               
   17.2702030841        0.6                  0.134552794072       0.6                  0.025                1.44                 0.14544              0.06048              0.025               
   17.2702030841        0.7                  0.141185152882       0.7                  0.025                0.98                 0.12838              0.04116              0.025               
   17.2702030841        0.9                  0.156316639249       0.9                  0.025                0.46                 0.069                0.01932              0.025               
   17.2702030841        0.1                  0.12307545696        0.1                  0.05                 4.9                  0.30478              0.2058               0.025               
   17.2702030841        0.2                  0.124778192246       0.2                  0.05                 4.66                 0.21203              0.19572              0.025               
   17.2702030841        0.3                  0.127565587773       0.3                  0.05                 3.52                 0.151712             0.14784              0.025               
   17.2702030841        0.4                  0.131368618312       0.4                  0.05                 3.03                 0.125745             0.12726              0.025               
   17.2702030841        0.5                  0.136102172429       0.5                  0.05                 2.228                0.099146             0.093576             0.025               
   17.2702030841        0.6                  0.141673009328       0.6                  0.05                 1.56                 0.11076              0.06552              0.025               
   17.2702030841        0.7                  0.147986602683       0.7                  0.05                 1.091                0.0878255            0.045822             0.025               
   17.2702030841        0.9                  0.162485934424       0.9                  0.05                 0.466                0.0423594            0.019572             0.025               
   17.2702030841        1.1                  0.17896573492        1.1                  0.05                 0.187                0.02618              0.007854             0.025               
   17.2702030841        1.3                  0.196929430871       1.3                  0.05                 0.073                0.018834             0.003066             0.025               
   17.2702030841        0.1                  0.151706021054       0.1                  0.1                  3.27                 0.270429             0.13734              0.025               
   17.2702030841        0.2                  0.153090646279       0.2                  0.1                  3.05                 0.18788              0.1281               0.025               
   17.2702030841        0.3                  0.155370936477       0.3                  0.1                  2.52                 0.141876             0.10584              0.025               
   17.2702030841        0.4                  0.158508241411       0.4                  0.1                  2.26                 0.119102             0.09492              0.025               
   17.2702030841        0.5                  0.162452916434       0.5                  0.1                  1.625                0.092625             0.06825              0.025               
   17.2702030841        0.6                  0.167147809708       0.6                  0.1                  1.227                0.0754605            0.051534             0.025               
   17.2702030841        0.7                  0.17253168779        0.7                  0.1                  0.97                 0.065184             0.04074              0.025               
   17.2702030841        0.9                  0.185118415085       0.9                  0.1                  0.422                0.038191             0.017724             0.025               
   17.2702030841        1.1                  0.199739537883       1.1                  0.1                  0.17                 0.02618              0.00714              0.025               
   17.2702030841        1.3                  0.215982289694       1.3                  0.1                  0.067                0.01608              0.002814             0.025               
   17.2702030841        1.5                  0.23350851592        1.5                  0.1                  0.0209               0.0070224            0.0008778            0.025               
   17.2702030841        0.1                  0.19007006959        0.1                  0.15                 2.23                 0.24976              0.09366              0.025               
   17.2702030841        0.2                  0.191177039699       0.2                  0.15                 1.86                 0.164424             0.07812              0.025               
   17.2702030841        0.3                  0.193007881787       0.3                  0.15                 1.6                  0.12448              0.0672               0.025               
   17.2702030841        0.4                  0.195542264294       0.4                  0.15                 1.44                 0.105264             0.06048              0.025               
   17.2702030841        0.5                  0.198753275666       0.5                  0.15                 1.088                0.0833408            0.045696             0.025               
   17.2702030841        0.6                  0.202608748133       0.6                  0.15                 0.913                0.0718531            0.038346             0.025               
   17.2702030841        0.7                  0.207072687291       0.7                  0.15                 0.616                0.0555632            0.025872             0.025               
   17.2702030841        0.9                  0.217671178923       0.9                  0.15                 0.246                0.0223368            0.010332             0.025               
   17.2702030841        1.1                  0.230234223181       1.1                  0.15                 0.098                0.018424             0.004116             0.025               
   17.2702030841        0.1                  0.233416605442       0.1                  0.2                  1.08                 0.19008              0.04536              0.025               
   17.2702030841        0.2                  0.234318887097       0.2                  0.2                  1.28                 0.15104              0.05376              0.025               
   17.2702030841        0.3                  0.235815018126       0.3                  0.2                  1.08                 0.11448              0.04536              0.025               
   17.2702030841        0.4                  0.237893794512       0.4                  0.2                  0.817                0.086602             0.034314             0.025               
   17.2702030841        0.5                  0.240540110854       0.5                  0.2                  0.633                0.06963              0.026586             0.025               
   17.2702030841        0.6                  0.243735481951       0.6                  0.2                  0.566                0.061694             0.023772             0.025               
   17.2702030841        0.7                  0.247458639299       0.7                  0.2                  0.407                0.049247             0.017094             0.025               
   17.2702030841        0.9                  0.256393101459       0.9                  0.2                  0.177                0.025488             0.007434             0.025               
   17.2702030841        1.1                  0.267141306925       1.1                  0.2                  0.0563               0.0090643            0.0023646            0.025               
   17.2702030841        1.3                  0.279494086402       1.3                  0.2                  0.0254               0.0057658            0.0010668            0.025               
   17.2702030841        1.5                  0.293248737217       1.5                  0.2                  0.0121               0.0038115            0.0005082            0.025               
   17.2702030841        0.1                  0.327003011937       0.1                  0.3                  0.451                0.071709             0.018942             0.025               
   17.2702030841        0.3                  0.328719304109       0.3                  0.3                  0.317                0.035187             0.013314             0.025               
   17.2702030841        0.5                  0.33212528216        0.5                  0.3                  0.219                0.023214             0.009198             0.025               
   17.2702030841        0.7                  0.337169744022       0.7                  0.3                  0.126                0.0189               0.005292             0.025               
   17.2702030841        0.9                  0.343780570416       0.9                  0.3                  0.069                0.012558             0.002898             0.025               
   17.2702030841        1.1                  0.351869487148       1.1                  0.3                  0.0206               0.0062624            0.0008652            0.025               
#
#End Tab 1
#