#       p_LAB  / GeV                    y              p_T/GeV     dn/dy/dpT  / GeV                 stat                  sys
                  80                  0.1                 0.05           0.00345406          0.000681191          0.000681191
                  80                  0.1                 0.15            0.0112048           0.00206749           0.00206749
                  80                  0.1                 0.25            0.0137401           0.00270974           0.00217811
                  80                  0.1                 0.35            0.0146301           0.00269953            0.0023192
                  80                  0.1                 0.45            0.0135262           0.00249584           0.00196421
                  80                  0.1                 0.55            0.0112048           0.00220974           0.00177621
                  80                  0.1                 0.65            0.0110304           0.00244891           0.00189306
                  80                  0.1                 0.75           0.00410476          0.000757406          0.000650696
                  80                  0.1                 0.85            0.0056179           0.00117814           0.00103661
                  80                  0.1                 0.95           0.00281673          0.000693056          0.000519739
                  80                  0.1                 1.05          0.000895983          0.000176701          0.000142033
                  80                  0.3                 0.05           0.00355022          0.000700154          0.000609298
                  80                  0.3                 0.15           0.00828377           0.00173721           0.00109095
                  80                  0.3                 0.25            0.0136863           0.00303857           0.00269913
                  80                  0.3                 0.35            0.0187315           0.00369412           0.00321475
                  80                  0.3                 0.45            0.0150374           0.00296558           0.00258075
                  80                  0.3                 0.55            0.0155167           0.00306012           0.00245975
                  80                  0.3                 0.65           0.00882034           0.00184973           0.00116161
                  80                  0.3                 0.75           0.00742212           0.00164782            0.0010778
                  80                  0.3                 0.85           0.00402504          0.000844099          0.000584496
                  80                  0.3                 0.95           0.00189532          0.000594735          0.000349723
                  80                  0.3                 1.05          0.000980578          0.000275265          0.000155444
                  80                  0.5                 0.05            0.0030928          0.000648271           0.00053052
                  80                  0.5                 0.15             0.007213           0.00133025          0.000850432
                  80                  0.5                 0.25            0.0111894            0.0022056           0.00177285
                  80                  0.5                 0.35            0.0119138           0.00219719           0.00172915
                  80                  0.5                 0.45            0.0113663           0.00238245           0.00209622
                  80                  0.5                 0.55            0.0132961           0.00262084           0.00210663
                  80                  0.5                 0.65           0.00677445           0.00133534          0.000983236
                  80                  0.5                 0.75           0.00495068            0.0010377          0.000849211
                  80                  0.5                 0.85           0.00264391          0.000554182          0.000348012
                  80                  0.5                 0.95           0.00181467          0.000424652          0.000334669
                  80                  0.5                 1.05           0.00109866          0.000295772          0.000174071
                  80                  0.7                 0.05            0.0023261          0.000487566          0.000399006
                  80                  0.7                 0.15           0.00644626           0.00143045           0.00102134
                  80                  0.7                 0.25            0.0104817           0.00219703            0.0015213
                  80                  0.7                 0.35           0.00984441           0.00218452           0.00168865
                  80                  0.7                 0.45            0.0084156           0.00186746           0.00133337
                  80                  0.7                 0.55           0.00868372           0.00182017           0.00148955
                  80                  0.7                 0.65           0.00697204           0.00146138           0.00110465
                  80                  0.7                 0.75           0.00509508           0.00113062          0.000807264
                  80                  0.7                 0.85           0.00259598          0.000544135          0.000411307
                  80                  0.7                 0.95           0.00183854          0.000407979          0.000315371
                  80                  0.7                 1.05           0.00130209            0.0004223          0.000206304
                  80                  0.9                 0.05           0.00151198          0.000372205          0.000298335
                  80                  0.9                 0.15           0.00547818           0.00108092          0.000795931
                  80                  0.9                 0.25           0.00850248           0.00178397           0.00134853
                  80                  0.9                 0.35           0.00715394           0.00150102           0.00122841
                  80                  0.9                 0.45           0.00693281           0.00145463           0.00109958
                  80                  0.9                 0.55           0.00530884           0.00111389          0.000911588
                  80                  0.9                 0.65           0.00375837          0.000788574          0.000645355
                  80                  0.9                 0.75           0.00347463           0.00072904          0.000596633
                  80                  0.9                 0.85           0.00188365          0.000395223          0.000273678
                  80                  0.9                 0.95          0.000872789          0.000183127          0.000138429
                  80                  1.1                 0.05          0.000762875           0.00019666           8.9993e-05
                  80                  1.1                 0.15           0.00338698          0.000751961           0.00049184
                  80                  1.1                 0.25           0.00435353           0.00101928          0.000747164
                  80                  1.1                 0.35           0.00378018          0.000839258          0.000599243
                  80                  1.1                 0.45           0.00456336          0.000956991          0.000783175
                  80                  1.1                 0.55           0.00396238          0.000830958          0.000628125
                  80                  1.1                 0.65           0.00228799           0.00050797          0.000362698
                  80                  1.1                 0.75           0.00189532          0.000443746          0.000300451
                  80                  1.1                 0.85           0.00093549          0.000230178          0.000123201
                  80                  1.1                 0.95          0.000812289          0.000190179          0.000160195
                  80                  1.3                 0.05          0.000557759          0.000137372          8.10801e-05
                  80                  1.3                 0.15           0.00167491          0.000372227          0.000243477
                  80                  1.3                 0.25           0.00276883          0.000581243          0.000439379
                  80                  1.3                 0.35            0.0031893          0.000708781          0.000506102
                  80                  1.3                 0.45           0.00189919          0.000374927           0.00027608
                  80                  1.3                 0.55           0.00138716          0.000273846          0.000220125
                  80                  1.3                 0.65           0.00202235          0.000373543          0.000293983
                  80                  1.3                 0.75          0.000997385          0.000344755          0.000131492
                  80                  1.3                 0.85          0.000603333          0.000195947          9.57414e-05
                  80                  1.5                 0.05          0.000340029          9.15843e-05          6.70586e-05
                  80                  1.5                 0.15           0.00209882          0.000465971          0.000360206
                  80                  1.5                 0.25           0.00150965          0.000335165          0.000239313
                  80                  1.5                 0.35           0.00106896          0.000275564          0.000197243
                  80                  1.5                 0.45          0.000972915          0.000204032          0.000141282
                  80                  1.5                 0.55           0.00108586          0.000267177          0.000186359
                  80                  1.5                 0.65          0.000588867          0.000191072          8.55123e-05
                  80                  1.5                 0.75          0.000858145          0.000211147          0.000124615