#  %%%%%%%%%%%%%%%%%%%%%%%%%%%%%%% antiproton spectra tables for 158 GeV/c 2009 %%%%%%%%%%%%%%%%%%%%%%%%%%%
#  for pT bins in GeV/c = 0.1  0.2  0.3  0.4  0.5 0.6  0.7  0.8  0.9  1.0
#
#  y in first column. Remaining columns have spectra, error-up and error-down.
-0.1      -         -         -           -         -         -           -         -         -           -         -         -           -         -         -         0.0216    0.0012    0.0009      0.0195    0.0011    0.0012      0.0129    0.0009    0.0035      0.0117    0.0008    0.0026      0.0089    0.0007    0.0024
0.1      0.0056    0.0006    0.0008      0.0150    0.0010    0.0011      0.0222    0.0012    0.0031      0.0253    0.0012    0.0014      0.0289    0.0013    0.0022     0.0197    0.0011    0.0045      0.0170    0.0010    0.0017      0.0127    0.0009    0.0012      0.0103    0.0008    0.0010       -         -         -
0.3      0.0053    0.0006    0.0006      0.0141    0.0009    0.0015      0.0224    0.0012    0.0027      0.0256    0.0013    0.0020      0.0230    0.0012    0.0019     0.0238    0.0012    0.0017      0.0172    0.0010    0.0014      0.0119    0.0009    0.0021      0.0095    0.0008    0.0011      0.0076    0.0007    0.0029
0.5      0.0052    0.0006    0.0005      0.0138    0.0009    0.0017      0.0202    0.0011    0.0018      0.0202    0.0011    0.0020      0.0221    0.0012    0.0018     0.0209    0.0011    0.0024      0.0164    0.0010    0.0016      0.0116    0.0008    0.0022      0.0091    0.0007    0.0017      0.0061    0.0006    0.0008
0.7      0.0051    0.0006    0.0006      0.0129    0.0009    0.0006      0.0169    0.0010    0.0022      0.0194    0.0011    0.0014      0.0205    0.0011    0.0015     0.0156    0.0010    0.0015      0.0146    0.0009    0.0010      0.0107    0.0008    0.0016      0.0085    0.0007    0.0020      0.0064    0.0006    0.0020
0.9      0.0044    0.0005    0.0009      0.0103    0.0008    0.0015      0.0145    0.0009    0.0013      0.0144    0.0009    0.0014      0.0144    0.0009    0.0024     0.0136    0.0009    0.0015      0.0121    0.0009    0.0016      0.0102    0.0008    0.0025      0.0052    0.0006    0.0004       -         -         -
1.1      0.0030    0.0004    0.0006      0.0068    0.0006    0.0007      0.0121    0.0009    0.0009      0.0125    0.0009    0.0019      0.0112    0.0008    0.0011     0.0099    0.0008    0.0011      0.0086    0.0007    0.0014      0.0054    0.0006    0.0006       -         -         -           -         -         -
1.3      0.0025    0.0004    0.0004      0.0039    0.0005    0.0004      0.0086    0.0007    0.0013      0.0096    0.0008    0.0008      0.0081    0.0007    0.0007     0.0087    0.0007    0.0005      0.0056    0.0006    0.0012      0.0047    0.0005    0.0018      0.0030    0.0004    0.0000      0.0022    0.0004    0.0002
1.5      0.0011    0.0003    0.0002      0.0026    0.0004    0.0002      0.0048    0.0005    0.0006      0.0054    0.0006    0.0008      0.0044    0.0005    0.0014     0.0061    0.0006    0.0016      0.0041    0.0005    0.0005       -         -         -           -         -         -          0.0009    0.0002    0.0000
1.7      0.0007    0.0002    0.0001      0.0019    0.0003    0.0002      0.0032    0.0004    0.0012      0.0024    0.0004    0.0000      0.0034    0.0005    0.0005     0.0030    0.0004    0.0006       -         -         -           -         -         -           -         -         -           -         -         -
1.9      0.0003    0.0001    0.0000      0.0014    0.0003    0.0003      0.0015    0.0003    0.0000      0.0012    0.0003    0.0000      0.0009    0.0002    0.0000      -         -         -           -         -         -          0.0007    0.0002    0.0000       -         -         -           -         -         -
#
#
