#       p_LAB  / GeV                    y              p_T/GeV     dn/dy/dpT  / GeV                 stat                  sys
                  40                  0.1                 0.45           0.00626344          0.000953375          0.000953375
                  40                  0.1                 0.55           0.00502568          0.000764974          0.000764974
                  40                  0.1                 0.65           0.00270565          0.000443182          0.000443182
                  40                  0.1                 0.75           0.00289835          0.000441167          0.000441167
                  40                  0.1                 0.85           0.00149727          0.000279237          0.000174405
                  40                  0.3                 0.05           0.00153625          0.000286337          0.000215659
                  40                  0.3                 0.15           0.00327288           0.00049787           0.00049787
                  40                  0.3                 0.25           0.00551914          0.000839571          0.000839571
                  40                  0.3                 0.35           0.00678349           0.00111045           0.00111045
                  40                  0.3                 0.45           0.00544376            0.0006994            0.0006994
                  40                  0.3                 0.55           0.00430896          0.000655479          0.000655479
                  40                  0.3                 0.65           0.00386008          0.000587194          0.000495932
                  40                  0.3                 0.75            0.0033182          0.000465808          0.000465808
                  40                  0.3                 0.95          0.000962522          0.000190097          0.000146419
                  40                  0.5                 0.05           0.00125758           0.00024837          0.000146395
                  40                  0.5                 0.15           0.00303216          0.000240135          0.000162281
                  40                  0.5                 0.25           0.00555297          0.000844718          0.000713431
                  40                  0.5                 0.35            0.0051132          0.000837029           0.00065693
                  40                  0.5                 0.45            0.0051132          0.000837029           0.00065693
                  40                  0.5                 0.55           0.00307414          0.000467638          0.000394958
                  40                  0.5                 0.65            0.0029499          0.000448739          0.000378995
                  40                  0.7                 0.05          0.000320609          9.94926e-05          4.12165e-05
                  40                  0.7                 0.15           0.00197161          0.000276944          0.000276944
                  40                  0.7                 0.25           0.00259623          0.000395179          0.000395179
                  40                  0.7                 0.35           0.00323564          0.000529994          0.000529994
                  40                  0.7                 0.45           0.00302051          0.000494755           0.00045976
                  40                  0.7                 0.55           0.00297923          0.000453476          0.000418481
                  40                  0.7                 0.65           0.00191809            0.0003361          0.000199943
                  40                  0.7                 0.75          0.000950797          0.000187892          0.000110751
                  40                  0.9                 0.05           0.00037439          6.55636e-05          4.81006e-05
                  40                  0.9                 0.15          0.000902695          0.000244761          0.000115976
                  40                  0.9                 0.25            0.0018454          0.000302092          0.000237093
                  40                  0.9                 0.35           0.00217649          0.000331088           0.00027963
                  40                  0.9                 0.45           0.00189686           0.00035355          0.000288551
                  40                  0.9                 0.55           0.00115622           0.00027801          0.000175884
                  40                  0.9                 0.65          0.000685643          0.000120071          9.62505e-05
                  40                  0.9                 0.75          0.000447674          0.000121385          6.28445e-05