   23.300000000000001       0.19000000000000000       0.18221985360255535       0.47999999999999998       0.11000000000000000     
   30.600000000000001       0.17999999999999999       0.12743713056252370        1.0300000000000000       0.14999999999999999     
   30.600000000000001       0.19000000000000000       0.13634970177241040       0.85399999999999998       0.14999999999999999     
   30.600000000000001       0.20000000000000001       0.15455492060225159       0.50200000000000000       7.29999999999999954E-002
   30.600000000000001       0.20000000000000001       0.18256131805713546       0.39600000000000002       4.70000000000000001E-002
   44.600000000000001       0.17999999999999999       8.40735731932995140E-002   1.0600000000000001       0.13000000000000000     
   44.600000000000001       0.19000000000000000       9.28806537717375147E-002  0.98499999999999999       0.13000000000000000     
   44.600000000000001       0.20000000000000001       0.10556725041921887       0.68300000000000005       9.90000000000000047E-002
   44.600000000000001       0.20000000000000001       0.11852832401766131       0.72199999999999998       9.70000000000000029E-002
   44.600000000000001       0.20999999999999999       0.12795949007444499       0.69299999999999995       8.20000000000000034E-002
   53.000000000000000       0.17999999999999999       6.26071022372485658E-002   1.1299999999999999       0.14000000000000001     
   53.000000000000000       0.17999999999999999       7.10301582323237812E-002   1.2300000000000000       0.14000000000000001     
   53.000000000000000       0.19000000000000000       7.98574910958163714E-002   1.1799999999999999       0.14000000000000001     
   53.000000000000000       0.20000000000000001       8.89406921242486548E-002  0.94899999999999995       0.10000000000000001     
   53.000000000000000       0.20000000000000001       9.91111482256522291E-002  0.88300000000000001       0.14000000000000001     
   53.000000000000000       0.20999999999999999       0.10570058272922168       0.83299999999999996       0.11000000000000000     
   23.300000000000001       0.40999999999999998       0.28766848933847949       6.93000000000000005E-002  1.66000000000000002E-002
   23.300000000000001       0.40999999999999998       0.29731902202276106       8.45999999999999946E-002  2.22000000000000010E-002
   30.600000000000001       0.40000000000000002       0.15622945157283266       0.30800000000000000       0.14999999999999999     
   30.600000000000001       0.40000000000000002       0.18398112106175010       0.27400000000000002       0.14999999999999999     
   30.600000000000001       0.40999999999999998       0.22207049575052271       0.17599999999999999       7.29999999999999954E-002
   30.600000000000001       0.42999999999999999       0.29018909880668681       6.60000000000000031E-002  4.70000000000000001E-002
   30.600000000000001       0.39000000000000001       0.31943168789242860       6.42999999999999960E-002  0.14999999999999999     
   30.600000000000001       0.44000000000000000       0.34930372006161875       3.38999999999999996E-002  0.14999999999999999     
   30.600000000000001       0.44000000000000000       0.35919076680911105       2.81999999999999994E-002  7.29999999999999954E-002
   44.600000000000001       0.39000000000000001       9.41368141508091283E-002  0.42199999999999999       0.11000000000000000     
   44.600000000000001       0.40000000000000002       0.10671208516265751       0.38700000000000001       5.19999999999999976E-002
   44.600000000000001       0.40999999999999998       0.12893702604019452       0.41699999999999998       5.50000000000000003E-002
   44.600000000000001       0.40999999999999998       0.14785720785554873       0.38600000000000001       4.49999999999999983E-002
   44.600000000000001       0.40999999999999998       0.14785720785554873       0.27500000000000002       4.00000000000000008E-002
   44.600000000000001       0.41999999999999998       0.16709653569035396       0.29399999999999998       4.10000000000000017E-002
   44.600000000000001       0.42999999999999999       0.19624773231852427       0.17399999999999999       2.50000000000000014E-002
   44.600000000000001       0.44000000000000000       0.24532378819554296       9.07000000000000028E-002  1.89999999999999995E-002
   53.000000000000000       0.38000000000000000       6.54903446872825562E-002  0.47199999999999998       0.12000000000000000     
   53.000000000000000       0.39000000000000001       7.22259852906518007E-002  0.62100000000000000       0.10000000000000001     
   53.000000000000000       0.39000000000000001       7.91316917641561451E-002  0.53800000000000003       0.10000000000000001     
   53.000000000000000       0.40000000000000002       9.08075195255020895E-002  0.56799999999999995       5.29999999999999985E-002
   53.000000000000000       0.40999999999999998       0.10747128827630154       0.56499999999999995       6.19999999999999996E-002
   53.000000000000000       0.40999999999999998       0.12638121647583095       0.55000000000000004       7.29999999999999954E-002
   53.000000000000000       0.40999999999999998       0.12638121647583095       0.44400000000000001       4.70000000000000001E-002
   53.000000000000000       0.42999999999999999       0.16508360489869045       0.35299999999999998       3.20000000000000007E-002
   53.000000000000000       0.44000000000000000       0.20429754395525868       0.18099999999999999       1.89999999999999995E-002
   62.700000000000003       0.44000000000000000       0.11506334048599179       0.60499999999999998       7.39999999999999963E-002
   30.600000000000001       0.83999999999999997       0.34268303461863669       0.14499999999999999       4.49999999999999983E-002
   30.600000000000001       0.84999999999999998       0.42143222636057132       7.96000000000000041E-002  2.69999999999999997E-002
   30.600000000000001       0.84999999999999998       0.43131349070036668       4.34000000000000011E-002  1.79999999999999986E-002
   44.600000000000001       0.81999999999999995       0.17007573188326719       6.37999999999999956E-002  1.49999999999999994E-002
   44.600000000000001       0.82999999999999996       0.19883127627879277       4.42999999999999991E-002  5.70000000000000021E-003
   44.600000000000001       0.83999999999999997       0.24742810408617955       2.41999999999999993E-002  4.40000000000000027E-003
   44.600000000000001       0.84999999999999998       0.28671044906233617       1.77999999999999999E-002  2.59999999999999988E-003
   44.600000000000001       0.84999999999999998       0.29655258599160650       1.60999999999999997E-002  2.59999999999999988E-003
   44.600000000000001       0.85999999999999999       0.33608706553166762       1.25000000000000007E-002  1.90000000000000000E-003
   44.600000000000001       0.88000000000000000       0.38571695587061067       6.32999999999999969E-003  1.29999999999999994E-003
   53.000000000000000       0.81000000000000005       0.12911474284228699       9.86999999999999961E-002  1.40000000000000003E-002
   53.000000000000000       0.81999999999999995       0.14805439250645666       7.28000000000000036E-002  1.09999999999999994E-002
   53.000000000000000       0.82999999999999996       0.16725399866769161       6.61000000000000060E-002  6.89999999999999988E-003
   53.000000000000000       0.83999999999999997       0.18663335074112200       5.75000000000000025E-002  8.99999999999999932E-003
   53.000000000000000       0.83999999999999997       0.20608308807728307       4.13999999999999993E-002  7.10000000000000041E-003
   53.000000000000000       0.84999999999999998       0.24532215972595528       4.20999999999999985E-002  5.59999999999999994E-003
   53.000000000000000       0.84999999999999998       0.25516193164821460       2.75000000000000001E-002  4.19999999999999974E-003
   53.000000000000000       0.87000000000000000       0.29472953935487484       1.94000000000000006E-002  2.29999999999999996E-003
   53.000000000000000       0.88000000000000000       0.33438795181364828       1.29999999999999994E-002  1.60000000000000008E-003
   62.700000000000003       0.84999999999999998       0.20440113553629427       6.71000000000000069E-002  8.30000000000000009E-003
   44.600000000000001        1.2600000000000000       0.33863238264980516       1.92000000000000005E-003  5.40000000000000007E-004
   44.600000000000001        1.2800000000000000       0.42749856558214816       5.90000000000000030E-004  1.80000000000000011E-004
   53.000000000000000        1.2500000000000000       0.25750686166085662       4.08999999999999989E-003  8.49999999999999953E-004
   53.000000000000000        1.2600000000000000       0.29673955591058704       2.77999999999999992E-003  5.59999999999999951E-004
   53.000000000000000        1.2800000000000000       0.33623179882649629       2.49000000000000003E-003  4.09999999999999991E-004
   53.000000000000000        1.2900000000000000       0.37580507779063532       1.52000000000000008E-003  2.90000000000000002E-004
